6	1957	
id	evt	src	dst	type	file
int	string	string	string	int	string
1	267	268	269	1	270
2	271	268	269	1	272
3	273	268	269	1	274
4	275	268	269	1	276
5	277	268	269	1	278
6	267	268	279	2	280
7	271	268	279	1	272
8	273	268	279	1	274
9	275	268	279	1	276
10	277	268	279	1	278
11	267	268	281	1	270
12	271	268	281	1	282
13	273	268	281	1	274
14	275	268	281	1	276
15	277	268	281	1	278
16	267	268	283	1	270
17	271	268	283	1	282
18	273	268	283	1	274
19	275	268	283	1	276
20	277	268	283	1	278
21	267	268	284	1	270
22	271	268	284	1	282
23	273	268	284	1	274
24	275	268	284	1	276
25	277	268	284	1	278
26	267	268	285	2	286
27	271	268	285	1	282
28	273	268	285	1	274
29	275	268	285	1	276
30	277	268	285	1	278
31	267	268	287	1	270
32	271	268	287	1	282
33	273	268	287	1	274
34	275	268	287	1	276
35	277	268	287	1	278
36	267	268	288	1	270
37	271	268	288	1	282
38	273	268	288	1	274
39	275	268	288	1	276
40	277	268	288	1	278
41	267	268	289	1	270
42	271	268	289	1	282
43	273	268	289	1	274
44	275	268	289	1	276
45	277	268	289	1	278
46	267	268	290	2	286
47	271	268	290	1	282
48	273	268	290	1	274
49	275	268	290	1	276
50	277	268	290	1	278
51	267	291	269	1	292
52	271	291	269	1	282
53	273	291	269	1	274
54	275	291	269	1	276
55	277	291	269	1	278
56	267	291	279	1	292
57	271	291	279	1	282
58	273	291	279	1	274
59	275	291	279	1	276
60	277	291	279	1	278
61	267	291	284	1	270
62	271	291	284	1	282
63	273	291	284	1	274
64	275	291	284	1	276
65	277	291	284	1	278
66	267	291	281	1	292
67	271	291	281	1	282
68	273	291	281	1	274
69	275	291	281	1	276
70	277	291	281	1	278
71	267	291	283	1	292
72	271	291	283	1	282
73	273	291	283	1	274
74	275	291	283	1	276
75	277	291	283	1	278
76	267	291	285	2	286
77	271	291	285	1	282
78	273	291	285	1	274
79	275	291	285	1	276
80	277	291	285	1	278
81	267	291	287	1	292
82	271	291	287	1	282
83	273	291	287	1	274
84	275	291	287	1	276
85	277	291	287	1	278
86	267	291	288	1	292
87	271	291	288	1	282
88	273	291	288	1	274
89	275	291	288	1	276
90	277	291	288	1	278
91	267	291	289	1	292
92	271	291	289	1	282
93	273	291	289	1	274
94	275	291	289	1	276
95	277	291	289	1	278
96	267	291	290	2	286
97	271	291	290	1	282
98	273	291	290	1	274
99	275	291	290	1	276
100	277	291	290	1	278
101	267	293	284	1	270
102	271	293	284	1	282
103	273	293	284	1	274
104	275	293	284	1	276
105	277	293	284	1	278
106	267	293	269	2	280
107	271	293	269	1	282
108	273	293	269	1	274
109	275	293	269	1	276
110	277	293	269	1	278
111	267	293	279	2	280
112	271	293	279	1	282
113	273	293	279	1	274
114	275	293	279	1	276
115	277	293	279	1	278
116	267	293	281	2	280
117	271	293	281	1	282
118	273	293	281	1	274
119	275	293	281	1	276
120	277	293	281	1	278
121	267	293	283	2	280
122	271	293	283	1	282
123	273	293	283	1	274
124	275	293	283	1	276
125	277	293	283	1	278
126	267	293	285	2	286
127	271	293	285	1	282
128	273	293	285	1	274
129	275	293	285	1	276
130	277	293	285	1	278
131	267	293	287	2	280
132	271	293	287	1	282
133	273	293	287	1	274
134	275	293	287	1	276
135	277	293	287	1	278
136	267	293	288	2	280
137	271	293	288	1	282
138	273	293	288	1	274
139	275	293	288	1	276
140	277	293	288	1	278
141	267	293	289	2	280
142	271	293	289	1	282
143	273	293	289	1	274
144	275	293	289	1	276
145	277	293	289	1	278
146	267	293	290	2	286
147	271	293	290	1	282
148	273	293	290	1	274
149	275	293	290	1	276
150	277	293	290	1	278
151	267	294	284	0	295
152	271	294	284	1	296
153	273	294	284	1	274
154	275	294	284	1	276
155	277	294	284	1	278
156	267	294	269	0	295
157	271	294	269	1	296
158	273	294	269	1	274
159	275	294	269	1	276
160	277	294	269	1	278
161	267	294	279	0	295
162	271	294	279	1	296
163	273	294	279	1	274
164	275	294	279	1	276
165	277	294	279	1	278
166	267	294	281	0	295
167	271	294	281	1	296
168	273	294	281	1	274
169	275	294	281	1	276
170	277	294	281	1	278
171	267	294	283	0	295
172	271	294	283	1	296
173	273	294	283	1	274
174	275	294	283	1	276
175	277	294	283	1	278
176	267	294	285	0	297
177	271	294	285	1	296
178	273	294	285	1	274
179	275	294	285	1	276
180	277	294	285	1	278
181	267	294	287	0	295
182	271	294	287	1	296
183	273	294	287	1	274
184	275	294	287	1	276
185	277	294	287	1	278
186	267	294	288	0	295
187	271	294	288	1	296
188	273	294	288	1	274
189	275	294	288	1	276
190	277	294	288	1	278
191	267	294	289	0	295
192	271	294	289	1	296
193	273	294	289	1	274
194	275	294	289	1	276
195	277	294	289	1	278
196	267	294	290	0	297
197	271	294	290	1	296
198	273	294	290	1	274
199	275	294	290	1	276
200	277	294	290	1	278
201	267	298	284	0	295
202	271	298	284	1	296
203	273	298	284	1	274
204	275	298	284	1	276
205	277	298	284	1	278
206	267	298	269	0	295
207	271	298	269	1	296
208	273	298	269	1	274
209	275	298	269	1	276
210	277	298	269	1	278
211	267	298	279	0	295
212	271	298	279	1	296
213	273	298	279	1	274
214	275	298	279	1	276
215	277	298	279	1	278
216	267	298	281	0	295
217	271	298	281	1	296
218	273	298	281	1	274
219	275	298	281	1	276
220	277	298	281	1	278
221	267	298	283	0	295
222	271	298	283	1	296
223	273	298	283	1	274
224	275	298	283	1	276
225	277	298	283	1	278
226	267	298	285	0	297
227	271	298	285	1	296
228	273	298	285	1	274
229	275	298	285	1	276
230	277	298	285	1	278
231	267	298	287	0	295
232	271	298	287	1	296
233	273	298	287	1	274
234	275	298	287	1	276
235	277	298	287	1	278
236	267	298	288	0	295
237	271	298	288	1	296
238	273	298	288	1	274
239	275	298	288	1	276
240	277	298	288	1	278
241	267	298	289	0	295
242	271	298	289	1	296
243	273	298	289	1	274
244	275	298	289	1	276
245	277	298	289	1	278
246	267	298	290	0	297
247	271	298	290	1	296
248	273	298	290	1	274
249	275	298	290	1	276
250	277	298	290	1	278
251	267	299	284	0	295
252	271	299	284	1	296
253	273	299	284	1	274
254	275	299	284	1	276
255	277	299	284	1	278
256	267	299	269	0	295
257	271	299	269	1	296
258	273	299	269	1	274
259	275	299	269	1	276
260	277	299	269	1	278
261	267	299	279	0	295
262	271	299	279	1	296
263	273	299	279	1	274
264	275	299	279	1	276
265	277	299	279	1	278
266	267	299	281	0	295
267	271	299	281	1	296
268	273	299	281	1	274
269	275	299	281	1	276
270	277	299	281	1	278
271	267	299	283	0	295
272	271	299	283	1	296
273	273	299	283	1	274
274	275	299	283	1	276
275	277	299	283	1	278
276	267	299	285	0	297
277	271	299	285	1	296
278	273	299	285	1	274
279	275	299	285	1	276
280	277	299	285	1	278
281	267	299	287	0	295
282	271	299	287	1	296
283	273	299	287	1	274
284	275	299	287	1	276
285	277	299	287	1	278
286	267	299	288	0	295
287	271	299	288	1	296
288	273	299	288	1	274
289	275	299	288	1	276
290	277	299	288	1	278
291	267	299	289	0	295
292	271	299	289	1	296
293	273	299	289	1	274
294	275	299	289	1	276
295	277	299	289	1	278
296	267	299	290	0	297
297	271	299	290	1	296
298	273	299	290	1	274
299	275	299	290	1	276
300	277	299	290	1	278
301	267	300	284	0	301
302	271	300	284	1	302
303	273	300	284	1	274
304	275	300	284	1	276
305	277	300	284	1	278
306	267	300	269	0	301
307	271	300	269	1	302
308	273	300	269	1	274
309	275	300	269	1	276
310	277	300	269	1	278
311	267	300	279	0	301
312	271	300	279	1	302
313	273	300	279	1	274
314	275	300	279	1	276
315	277	300	279	1	278
316	267	300	281	0	301
317	271	300	281	1	302
318	273	300	281	1	274
319	275	300	281	1	276
320	277	300	281	1	278
321	267	300	283	0	301
322	271	300	283	1	302
323	273	300	283	1	274
324	275	300	283	1	276
325	277	300	283	1	278
326	267	300	285	0	303
327	271	300	285	1	302
328	273	300	285	1	274
329	275	300	285	1	276
330	277	300	285	1	278
331	267	300	287	0	301
332	271	300	287	1	302
333	273	300	287	1	274
334	275	300	287	1	276
335	277	300	287	1	278
336	267	300	288	0	301
337	271	300	288	1	302
338	273	300	288	1	274
339	275	300	288	1	276
340	277	300	288	1	278
341	267	300	289	0	301
342	271	300	289	1	302
343	273	300	289	1	274
344	275	300	289	1	276
345	277	300	289	1	278
346	267	300	290	0	303
347	271	300	290	1	302
348	273	300	290	1	274
349	275	300	290	1	276
350	277	300	290	1	278
351	267	304	284	0	301
352	271	304	284	1	302
353	273	304	284	1	274
354	275	304	284	1	276
355	277	304	284	1	278
356	267	304	269	0	301
357	271	304	269	1	302
358	273	304	269	1	274
359	275	304	269	1	276
360	277	304	269	1	278
361	267	304	279	0	301
362	271	304	279	1	302
363	273	304	279	1	274
364	275	304	279	1	276
365	277	304	279	1	278
366	267	304	281	0	301
367	271	304	281	1	302
368	273	304	281	1	274
369	275	304	281	1	276
370	277	304	281	1	278
371	267	304	283	0	301
372	271	304	283	1	302
373	273	304	283	1	274
374	275	304	283	1	276
375	277	304	283	1	278
376	267	304	285	0	303
377	271	304	285	1	302
378	273	304	285	1	274
379	275	304	285	1	276
380	277	304	285	1	278
381	267	304	287	0	301
382	271	304	287	1	302
383	273	304	287	1	274
384	275	304	287	1	276
385	277	304	287	1	278
386	267	304	288	0	301
387	271	304	288	1	302
388	273	304	288	1	274
389	275	304	288	1	276
390	277	304	288	1	278
391	267	304	289	0	301
392	271	304	289	1	302
393	273	304	289	1	274
394	275	304	289	1	276
395	277	304	289	1	278
396	267	304	290	0	303
397	271	304	290	1	302
398	273	304	290	1	274
399	275	304	290	1	276
400	277	304	290	1	278
401	267	305	284	0	301
402	271	305	284	1	302
403	273	305	284	1	274
404	275	305	284	1	276
405	277	305	284	1	278
406	267	305	269	0	301
407	271	305	269	1	302
408	273	305	269	1	274
409	275	305	269	1	276
410	277	305	269	1	278
411	267	305	279	0	301
412	271	305	279	1	302
413	273	305	279	1	274
414	275	305	279	1	276
415	277	305	279	1	278
416	267	305	281	0	301
417	271	305	281	1	302
418	273	305	281	1	274
419	275	305	281	1	276
420	277	305	281	1	278
421	267	305	283	0	301
422	271	305	283	1	302
423	273	305	283	1	274
424	275	305	283	1	276
425	277	305	283	1	278
426	267	305	285	0	303
427	271	305	285	1	302
428	273	305	285	1	274
429	275	305	285	1	276
430	277	305	285	1	278
431	267	305	287	0	301
432	271	305	287	1	302
433	273	305	287	1	274
434	275	305	287	1	276
435	277	305	287	1	278
436	267	305	288	0	301
437	271	305	288	1	302
438	273	305	288	1	274
439	275	305	288	1	276
440	277	305	288	1	278
441	267	305	289	0	301
442	271	305	289	1	302
443	273	305	289	1	274
444	275	305	289	1	276
445	277	305	289	1	278
446	267	305	290	0	303
447	271	305	290	1	302
448	273	305	290	1	274
449	275	305	290	1	276
450	277	305	290	1	278
451	267	306	284	0	307
452	271	306	284	1	308
453	273	306	284	1	274
454	275	306	284	1	276
455	277	306	284	1	278
456	267	306	269	0	307
457	271	306	269	1	308
458	273	306	269	1	274
459	275	306	269	1	276
460	277	306	269	1	278
461	267	306	279	0	307
462	271	306	279	1	308
463	273	306	279	1	274
464	275	306	279	1	276
465	277	306	279	1	278
466	267	306	281	0	307
467	271	306	281	1	308
468	273	306	281	1	274
469	275	306	281	1	276
470	277	306	281	1	278
471	267	306	283	0	307
472	271	306	283	1	308
473	273	306	283	1	274
474	275	306	283	1	276
475	277	306	283	1	278
476	267	306	285	0	309
477	271	306	285	1	308
478	273	306	285	1	274
479	275	306	285	1	276
480	277	306	285	1	278
481	267	306	287	0	307
482	271	306	287	1	308
483	273	306	287	1	274
484	275	306	287	1	276
485	277	306	287	1	278
486	267	306	288	0	307
487	271	306	288	1	308
488	273	306	288	1	274
489	275	306	288	1	276
490	277	306	288	1	278
491	267	306	289	0	307
492	271	306	289	1	308
493	273	306	289	1	274
494	275	306	289	1	276
495	277	306	289	1	278
496	267	306	290	0	309
497	271	306	290	1	308
498	273	306	290	1	274
499	275	306	290	1	276
500	277	306	290	1	278
501	267	310	284	0	307
502	271	310	284	1	308
503	273	310	284	1	274
504	275	310	284	1	276
505	277	310	284	1	278
506	267	310	269	0	307
507	271	310	269	1	308
508	273	310	269	1	274
509	275	310	269	1	276
510	277	310	269	1	278
511	267	310	279	0	307
512	271	310	279	1	308
513	273	310	279	1	274
514	275	310	279	1	276
515	277	310	279	1	278
516	267	310	281	0	307
517	271	310	281	1	308
518	273	310	281	1	274
519	275	310	281	1	276
520	277	310	281	1	278
521	267	310	283	0	307
522	271	310	283	1	308
523	273	310	283	1	274
524	275	310	283	1	276
525	277	310	283	1	278
526	267	310	285	0	309
527	271	310	285	1	308
528	273	310	285	1	274
529	275	310	285	1	276
530	277	310	285	1	278
531	267	310	287	0	307
532	271	310	287	1	308
533	273	310	287	1	274
534	275	310	287	1	276
535	277	310	287	1	278
536	267	310	288	0	307
537	271	310	288	1	308
538	273	310	288	1	274
539	275	310	288	1	276
540	277	310	288	1	278
541	267	310	289	0	307
542	271	310	289	1	308
543	273	310	289	1	274
544	275	310	289	1	276
545	277	310	289	1	278
546	267	310	290	0	309
547	271	310	290	1	308
548	273	310	290	1	274
549	275	310	290	1	276
550	277	310	290	1	278
551	267	311	284	0	307
552	271	311	284	1	308
553	273	311	284	1	274
554	275	311	284	1	276
555	277	311	284	1	278
556	267	311	269	0	307
557	271	311	269	1	308
558	273	311	269	1	274
559	275	311	269	1	276
560	277	311	269	1	278
561	267	311	279	0	307
562	271	311	279	1	308
563	273	311	279	1	274
564	275	311	279	1	276
565	277	311	279	1	278
566	267	311	281	0	307
567	271	311	281	1	308
568	273	311	281	1	274
569	275	311	281	1	276
570	277	311	281	1	278
571	267	311	283	0	307
572	271	311	283	1	308
573	273	311	283	1	274
574	275	311	283	1	276
575	277	311	283	1	278
576	267	311	285	0	309
577	271	311	285	1	308
578	273	311	285	1	274
579	275	311	285	1	276
580	277	311	285	1	278
581	267	311	287	0	307
582	271	311	287	1	308
583	273	311	287	1	274
584	275	311	287	1	276
585	277	311	287	1	278
586	267	311	288	0	307
587	271	311	288	1	308
588	273	311	288	1	274
589	275	311	288	1	276
590	277	311	288	1	278
591	267	311	289	0	307
592	271	311	289	1	308
593	273	311	289	1	274
594	275	311	289	1	276
595	277	311	289	1	278
596	267	311	290	0	309
597	271	311	290	1	308
598	273	311	290	1	274
599	275	311	290	1	276
600	277	311	290	1	278
601	267	312	284	0	313
602	271	312	284	1	314
603	273	312	284	1	274
604	275	312	284	1	276
605	277	312	284	1	278
606	267	312	269	0	313
607	271	312	269	1	314
608	273	312	269	1	274
609	275	312	269	1	276
610	277	312	269	1	278
611	267	312	279	0	313
612	271	312	279	1	314
613	273	312	279	1	274
614	275	312	279	1	276
615	277	312	279	1	278
616	267	312	281	0	313
617	271	312	281	1	314
618	273	312	281	1	274
619	275	312	281	1	276
620	277	312	281	1	278
621	267	312	283	0	313
622	271	312	283	1	314
623	273	312	283	1	274
624	275	312	283	1	276
625	277	312	283	1	278
626	267	312	285	0	315
627	271	312	285	1	314
628	273	312	285	1	274
629	275	312	285	1	276
630	277	312	285	1	278
631	267	312	287	0	313
632	271	312	287	1	314
633	273	312	287	1	274
634	275	312	287	1	276
635	277	312	287	1	278
636	267	312	288	0	313
637	271	312	288	1	314
638	273	312	288	1	274
639	275	312	288	1	276
640	277	312	288	1	278
641	267	312	289	0	313
642	271	312	289	1	314
643	273	312	289	1	274
644	275	312	289	1	276
645	277	312	289	1	278
646	267	312	290	0	315
647	271	312	290	1	314
648	273	312	290	1	274
649	275	312	290	1	276
650	277	312	290	1	278
651	267	316	284	0	313
652	271	316	284	1	314
653	273	316	284	1	274
654	275	316	284	1	276
655	277	316	284	1	278
656	267	316	269	0	313
657	271	316	269	1	314
658	273	316	269	1	274
659	275	316	269	1	276
660	277	316	269	1	278
661	267	316	279	0	313
662	271	316	279	1	314
663	273	316	279	1	274
664	275	316	279	1	276
665	277	316	279	1	278
666	267	316	281	0	313
667	271	316	281	1	314
668	273	316	281	1	274
669	275	316	281	1	276
670	277	316	281	1	278
671	267	316	283	0	313
672	271	316	283	1	314
673	273	316	283	1	274
674	275	316	283	1	276
675	277	316	283	1	278
676	267	316	285	0	315
677	271	316	285	1	314
678	273	316	285	1	274
679	275	316	285	1	276
680	277	316	285	1	278
681	267	316	287	0	313
682	271	316	287	1	314
683	273	316	287	1	274
684	275	316	287	1	276
685	277	316	287	1	278
686	267	316	288	0	313
687	271	316	288	1	314
688	273	316	288	1	274
689	275	316	288	1	276
690	277	316	288	1	278
691	267	316	289	0	313
692	271	316	289	1	314
693	273	316	289	1	274
694	275	316	289	1	276
695	277	316	289	1	278
696	267	316	290	0	315
697	271	316	290	1	314
698	273	316	290	1	274
699	275	316	290	1	276
700	277	316	290	1	278
701	267	317	284	0	313
702	271	317	284	1	314
703	273	317	284	1	274
704	275	317	284	1	276
705	277	317	284	1	278
706	267	317	269	0	313
707	271	317	269	1	314
708	273	317	269	1	274
709	275	317	269	1	276
710	277	317	269	1	278
711	267	317	279	0	313
712	271	317	279	1	314
713	273	317	279	1	274
714	275	317	279	1	276
715	277	317	279	1	278
716	267	317	281	0	313
717	271	317	281	1	314
718	273	317	281	1	274
719	275	317	281	1	276
720	277	317	281	1	278
721	267	317	283	0	313
722	271	317	283	1	314
723	273	317	283	1	274
724	275	317	283	1	276
725	277	317	283	1	278
726	267	317	285	0	315
727	271	317	285	1	314
728	273	317	285	1	274
729	275	317	285	1	276
730	277	317	285	1	278
731	267	317	287	0	313
732	271	317	287	1	314
733	273	317	287	1	274
734	275	317	287	1	276
735	277	317	287	1	278
736	267	317	288	0	313
737	271	317	288	1	314
738	273	317	288	1	274
739	275	317	288	1	276
740	277	317	288	1	278
741	267	317	289	0	313
742	271	317	289	1	314
743	273	317	289	1	274
744	275	317	289	1	276
745	277	317	289	1	278
746	267	317	290	0	315
747	271	317	290	1	314
748	273	317	290	1	274
749	275	317	290	1	276
750	277	317	290	1	278
751	267	318	284	0	319
752	271	318	284	1	320
753	273	318	284	1	274
754	275	318	284	1	276
755	277	318	284	1	278
756	267	318	269	0	319
757	271	318	269	1	320
758	273	318	269	1	274
759	275	318	269	1	276
760	277	318	269	1	278
761	267	318	279	0	319
762	271	318	279	1	320
763	273	318	279	1	274
764	275	318	279	1	276
765	277	318	279	1	278
766	267	318	281	0	319
767	271	318	281	1	320
768	273	318	281	1	274
769	275	318	281	1	276
770	277	318	281	1	278
771	267	318	283	0	319
772	271	318	283	1	320
773	273	318	283	1	274
774	275	318	283	1	276
775	277	318	283	1	278
776	267	318	285	0	321
777	271	318	285	1	320
778	273	318	285	1	274
779	275	318	285	1	276
780	277	318	285	1	278
781	267	318	287	0	319
782	271	318	287	1	320
783	273	318	287	1	274
784	275	318	287	1	276
785	277	318	287	1	278
786	267	318	288	0	319
787	271	318	288	1	320
788	273	318	288	1	274
789	275	318	288	1	276
790	277	318	288	1	278
791	267	318	289	0	319
792	271	318	289	1	320
793	273	318	289	1	274
794	275	318	289	1	276
795	277	318	289	1	278
796	267	318	290	0	321
797	271	318	290	1	320
798	273	318	290	1	274
799	275	318	290	1	276
800	277	318	290	1	278
801	267	322	284	0	319
802	271	322	284	1	320
803	273	322	284	1	274
804	275	322	284	1	276
805	277	322	284	1	278
806	267	322	269	0	319
807	271	322	269	1	320
808	273	322	269	1	274
809	275	322	269	1	276
810	277	322	269	1	278
811	267	322	279	0	319
812	271	322	279	1	320
813	273	322	279	1	274
814	275	322	279	1	276
815	277	322	279	1	278
816	267	322	281	0	319
817	271	322	281	1	320
818	273	322	281	1	274
819	275	322	281	1	276
820	277	322	281	1	278
821	267	322	283	0	319
822	271	322	283	1	320
823	273	322	283	1	274
824	275	322	283	1	276
825	277	322	283	1	278
826	267	322	285	0	321
827	271	322	285	1	320
828	273	322	285	1	274
829	275	322	285	1	276
830	277	322	285	1	278
831	267	322	287	0	319
832	271	322	287	1	320
833	273	322	287	1	274
834	275	322	287	1	276
835	277	322	287	1	278
836	267	322	288	0	319
837	271	322	288	1	320
838	273	322	288	1	274
839	275	322	288	1	276
840	277	322	288	1	278
841	267	322	289	0	319
842	271	322	289	1	320
843	273	322	289	1	274
844	275	322	289	1	276
845	277	322	289	1	278
846	267	322	290	0	321
847	271	322	290	1	320
848	273	322	290	1	274
849	275	322	290	1	276
850	277	322	290	1	278
851	267	323	284	0	319
852	271	323	284	1	320
853	273	323	284	1	274
854	275	323	284	1	276
855	277	323	284	1	278
856	267	323	269	0	319
857	271	323	269	1	320
858	273	323	269	1	274
859	275	323	269	1	276
860	277	323	269	1	278
861	267	323	279	0	319
862	271	323	279	1	320
863	273	323	279	1	274
864	275	323	279	1	276
865	277	323	279	1	278
866	267	323	281	0	319
867	271	323	281	1	320
868	273	323	281	1	274
869	275	323	281	1	276
870	277	323	281	1	278
871	267	323	283	0	319
872	271	323	283	1	320
873	273	323	283	1	274
874	275	323	283	1	276
875	277	323	283	1	278
876	267	323	285	0	321
877	271	323	285	1	320
878	273	323	285	1	274
879	275	323	285	1	276
880	277	323	285	1	278
881	267	323	287	0	319
882	271	323	287	1	320
883	273	323	287	1	274
884	275	323	287	1	276
885	277	323	287	1	278
886	267	323	288	0	319
887	271	323	288	1	320
888	273	323	288	1	274
889	275	323	288	1	276
890	277	323	288	1	278
891	267	323	289	0	319
892	271	323	289	1	320
893	273	323	289	1	274
894	275	323	289	1	276
895	277	323	289	1	278
896	267	323	290	0	321
897	271	323	290	1	320
898	273	323	290	1	274
899	275	323	290	1	276
900	277	323	290	1	278
901	267	324	284	0	325
902	271	324	284	1	326
903	273	324	284	1	274
904	275	324	284	1	276
905	277	324	284	1	278
906	267	324	269	0	325
907	271	324	269	1	326
908	273	324	269	1	274
909	275	324	269	1	276
910	277	324	269	1	278
911	267	324	279	0	325
912	271	324	279	1	326
913	273	324	279	1	274
914	275	324	279	1	276
915	277	324	279	1	278
916	267	324	281	0	325
917	271	324	281	1	326
918	273	324	281	1	274
919	275	324	281	1	276
920	277	324	281	1	278
921	267	324	283	0	325
922	271	324	283	1	326
923	273	324	283	1	274
924	275	324	283	1	276
925	277	324	283	1	278
926	267	324	285	0	325
927	271	324	285	1	326
928	273	324	285	1	274
929	275	324	285	1	276
930	277	324	285	1	278
931	267	324	287	0	325
932	271	324	287	1	326
933	273	324	287	1	274
934	275	324	287	1	276
935	277	324	287	1	278
936	267	324	288	0	325
937	271	324	288	1	326
938	273	324	288	1	274
939	275	324	288	1	276
940	277	324	288	1	278
941	267	324	289	0	325
942	271	324	289	1	326
943	273	324	289	1	274
944	275	324	289	1	276
945	277	324	289	1	278
946	267	324	290	0	325
947	271	324	290	1	326
948	273	324	290	1	274
949	275	324	290	1	276
950	277	324	290	1	278
951	267	327	284	0	325
952	271	327	284	1	326
953	273	327	284	1	274
954	275	327	284	1	276
955	277	327	284	1	278
956	267	327	269	0	325
957	271	327	269	1	326
958	273	327	269	1	274
959	275	327	269	1	276
960	277	327	269	1	278
961	267	327	279	0	325
962	271	327	279	1	326
963	273	327	279	1	274
964	275	327	279	1	276
965	277	327	279	1	278
966	267	327	281	0	325
967	271	327	281	1	326
968	273	327	281	1	274
969	275	327	281	1	276
970	277	327	281	1	278
971	267	327	283	0	325
972	271	327	283	1	326
973	273	327	283	1	274
974	275	327	283	1	276
975	277	327	283	1	278
976	267	327	285	0	325
977	271	327	285	1	326
978	273	327	285	1	274
979	275	327	285	1	276
980	277	327	285	1	278
981	267	327	287	0	325
982	271	327	287	1	326
983	273	327	287	1	274
984	275	327	287	1	276
985	277	327	287	1	278
986	267	327	288	0	325
987	271	327	288	1	326
988	273	327	288	1	274
989	275	327	288	1	276
990	277	327	288	1	278
991	267	327	289	0	325
992	271	327	289	1	326
993	273	327	289	1	274
994	275	327	289	1	276
995	277	327	289	1	278
996	267	327	290	0	325
997	271	327	290	1	326
998	273	327	290	1	274
999	275	327	290	1	276
1000	277	327	290	1	278
1001	267	328	284	0	325
1002	271	328	284	1	326
1003	273	328	284	1	274
1004	275	328	284	1	276
1005	277	328	284	1	278
1006	267	328	269	0	325
1007	271	328	269	1	326
1008	273	328	269	1	274
1009	275	328	269	1	276
1010	277	328	269	1	278
1011	267	328	279	0	325
1012	271	328	279	1	326
1013	273	328	279	1	274
1014	275	328	279	1	276
1015	277	328	279	1	278
1016	267	328	281	0	325
1017	271	328	281	1	326
1018	273	328	281	1	274
1019	275	328	281	1	276
1020	277	328	281	1	278
1021	267	328	283	0	325
1022	271	328	283	1	326
1023	273	328	283	1	274
1024	275	328	283	1	276
1025	277	328	283	1	278
1026	267	328	285	0	325
1027	271	328	285	1	326
1028	273	328	285	1	274
1029	275	328	285	1	276
1030	277	328	285	1	278
1031	267	328	287	0	325
1032	271	328	287	1	326
1033	273	328	287	1	274
1034	275	328	287	1	276
1035	277	328	287	1	278
1036	267	328	288	0	325
1037	271	328	288	1	326
1038	273	328	288	1	274
1039	275	328	288	1	276
1040	277	328	288	1	278
1041	267	328	289	0	325
1042	271	328	289	1	326
1043	273	328	289	1	274
1044	275	328	289	1	276
1045	277	328	289	1	278
1046	267	328	290	0	325
1047	271	328	290	1	326
1048	273	328	290	1	274
1049	275	328	290	1	276
1050	277	328	290	1	278
1051	267	329	284	0	330
1052	271	329	284	1	331
1053	273	329	284	1	274
1054	275	329	284	1	276
1055	277	329	284	1	278
1056	267	329	269	0	330
1057	271	329	269	1	331
1058	273	329	269	1	274
1059	275	329	269	1	276
1060	277	329	269	1	278
1061	267	329	279	0	330
1062	271	329	279	1	331
1063	273	329	279	1	274
1064	275	329	279	1	276
1065	277	329	279	1	278
1066	267	329	281	0	330
1067	271	329	281	1	331
1068	273	329	281	1	274
1069	275	329	281	1	276
1070	277	329	281	1	278
1071	267	329	283	0	330
1072	271	329	283	1	331
1073	273	329	283	1	274
1074	275	329	283	1	276
1075	277	329	283	1	278
1076	267	329	285	0	330
1077	271	329	285	1	331
1078	273	329	285	1	274
1079	275	329	285	1	276
1080	277	329	285	1	278
1081	267	329	287	0	330
1082	271	329	287	1	331
1083	273	329	287	1	274
1084	275	329	287	1	276
1085	277	329	287	1	278
1086	267	329	288	0	330
1087	271	329	288	1	331
1088	273	329	288	1	274
1089	275	329	288	1	276
1090	277	329	288	1	278
1091	267	329	289	0	330
1092	271	329	289	1	331
1093	273	329	289	1	274
1094	275	329	289	1	276
1095	277	329	289	1	278
1096	267	329	290	0	330
1097	271	329	290	1	331
1098	273	329	290	1	274
1099	275	329	290	1	276
1100	277	329	290	1	278
1101	267	332	284	0	330
1102	271	332	284	1	331
1103	273	332	284	1	274
1104	275	332	284	1	276
1105	277	332	284	1	278
1106	267	332	269	0	330
1107	271	332	269	1	331
1108	273	332	269	1	274
1109	275	332	269	1	276
1110	277	332	269	1	278
1111	267	332	279	0	330
1112	271	332	279	1	331
1113	273	332	279	1	274
1114	275	332	279	1	276
1115	277	332	279	1	278
1116	267	332	281	0	330
1117	271	332	281	1	331
1118	273	332	281	1	274
1119	275	332	281	1	276
1120	277	332	281	1	278
1121	267	332	283	0	330
1122	271	332	283	1	331
1123	273	332	283	1	274
1124	275	332	283	1	276
1125	277	332	283	1	278
1126	267	332	285	0	330
1127	271	332	285	1	331
1128	273	332	285	1	274
1129	275	332	285	1	276
1130	277	332	285	1	278
1131	267	332	287	0	330
1132	271	332	287	1	331
1133	273	332	287	1	274
1134	275	332	287	1	276
1135	277	332	287	1	278
1136	267	332	288	0	330
1137	271	332	288	1	331
1138	273	332	288	1	274
1139	275	332	288	1	276
1140	277	332	288	1	278
1141	267	332	289	0	330
1142	271	332	289	1	331
1143	273	332	289	1	274
1144	275	332	289	1	276
1145	277	332	289	1	278
1146	267	332	290	0	330
1147	271	332	290	1	331
1148	273	332	290	1	274
1149	275	332	290	1	276
1150	277	332	290	1	278
1151	267	333	284	0	330
1152	271	333	284	1	331
1153	273	333	284	1	274
1154	275	333	284	1	276
1155	277	333	284	1	278
1156	267	333	269	0	330
1157	271	333	269	1	331
1158	273	333	269	1	274
1159	275	333	269	1	276
1160	277	333	269	1	278
1161	267	333	279	0	330
1162	271	333	279	1	331
1163	273	333	279	1	274
1164	275	333	279	1	276
1165	277	333	279	1	278
1166	267	333	281	0	330
1167	271	333	281	1	331
1168	273	333	281	1	274
1169	275	333	281	1	276
1170	277	333	281	1	278
1171	267	333	283	0	330
1172	271	333	283	1	331
1173	273	333	283	1	274
1174	275	333	283	1	276
1175	277	333	283	1	278
1176	267	333	285	0	330
1177	271	333	285	1	331
1178	273	333	285	1	274
1179	275	333	285	1	276
1180	277	333	285	1	278
1181	267	333	287	0	330
1182	271	333	287	1	331
1183	273	333	287	1	274
1184	275	333	287	1	276
1185	277	333	287	1	278
1186	267	333	288	0	330
1187	271	333	288	1	331
1188	273	333	288	1	274
1189	275	333	288	1	276
1190	277	333	288	1	278
1191	267	333	289	0	330
1192	271	333	289	1	331
1193	273	333	289	1	274
1194	275	333	289	1	276
1195	277	333	289	1	278
1196	267	333	290	0	330
1197	271	333	290	1	331
1198	273	333	290	1	274
1199	275	333	290	1	276
1200	277	333	290	1	278
1201	267	334	284	0	335
1202	271	334	284	1	336
1203	273	334	284	1	274
1204	275	334	284	1	276
1205	277	334	284	1	278
1206	267	334	269	0	335
1207	271	334	269	1	336
1208	273	334	269	1	274
1209	275	334	269	1	276
1210	277	334	269	1	278
1211	267	334	279	0	335
1212	271	334	279	1	336
1213	273	334	279	1	274
1214	275	334	279	1	276
1215	277	334	279	1	278
1216	267	334	281	0	335
1217	271	334	281	1	336
1218	273	334	281	1	274
1219	275	334	281	1	276
1220	277	334	281	1	278
1221	267	334	283	0	335
1222	271	334	283	1	336
1223	273	334	283	1	274
1224	275	334	283	1	276
1225	277	334	283	1	278
1226	267	334	285	0	335
1227	271	334	285	1	336
1228	273	334	285	1	274
1229	275	334	285	1	276
1230	277	334	285	1	278
1231	267	334	287	0	335
1232	271	334	287	1	336
1233	273	334	287	1	274
1234	275	334	287	1	276
1235	277	334	287	1	278
1236	267	334	288	0	335
1237	271	334	288	1	336
1238	273	334	288	1	274
1239	275	334	288	1	276
1240	277	334	288	1	278
1241	267	334	289	0	335
1242	271	334	289	1	336
1243	273	334	289	1	274
1244	275	334	289	1	276
1245	277	334	289	1	278
1246	267	334	290	0	335
1247	271	334	290	1	336
1248	273	334	290	1	274
1249	275	334	290	1	276
1250	277	334	290	1	278
1251	267	337	284	0	335
1252	271	337	284	1	336
1253	273	337	284	1	274
1254	275	337	284	1	276
1255	277	337	284	1	278
1256	267	337	269	0	335
1257	271	337	269	1	336
1258	273	337	269	1	274
1259	275	337	269	1	276
1260	277	337	269	1	278
1261	267	337	279	0	335
1262	271	337	279	1	336
1263	273	337	279	1	274
1264	275	337	279	1	276
1265	277	337	279	1	278
1266	267	337	281	0	335
1267	271	337	281	1	336
1268	273	337	281	1	274
1269	275	337	281	1	276
1270	277	337	281	1	278
1271	267	337	283	0	335
1272	271	337	283	1	336
1273	273	337	283	1	274
1274	275	337	283	1	276
1275	277	337	283	1	278
1276	267	337	285	0	335
1277	271	337	285	1	336
1278	273	337	285	1	274
1279	275	337	285	1	276
1280	277	337	285	1	278
1281	267	337	287	0	335
1282	271	337	287	1	336
1283	273	337	287	1	274
1284	275	337	287	1	276
1285	277	337	287	1	278
1286	267	337	288	0	335
1287	271	337	288	1	336
1288	273	337	288	1	274
1289	275	337	288	1	276
1290	277	337	288	1	278
1291	267	337	289	0	335
1292	271	337	289	1	336
1293	273	337	289	1	274
1294	275	337	289	1	276
1295	277	337	289	1	278
1296	267	337	290	0	335
1297	271	337	290	1	336
1298	273	337	290	1	274
1299	275	337	290	1	276
1300	277	337	290	1	278
1301	267	338	284	0	335
1302	271	338	284	1	336
1303	273	338	284	1	274
1304	275	338	284	1	276
1305	277	338	284	1	278
1306	267	338	269	0	335
1307	271	338	269	1	336
1308	273	338	269	1	274
1309	275	338	269	1	276
1310	277	338	269	1	278
1311	267	338	279	0	335
1312	271	338	279	1	336
1313	273	338	279	1	274
1314	275	338	279	1	276
1315	277	338	279	1	278
1316	267	338	281	0	335
1317	271	338	281	1	336
1318	273	338	281	1	274
1319	275	338	281	1	276
1320	277	338	281	1	278
1321	267	338	283	0	335
1322	271	338	283	1	336
1323	273	338	283	1	274
1324	275	338	283	1	276
1325	277	338	283	1	278
1326	267	338	285	0	335
1327	271	338	285	1	336
1328	273	338	285	1	274
1329	275	338	285	1	276
1330	277	338	285	1	278
1331	267	338	287	0	335
1332	271	338	287	1	336
1333	273	338	287	1	274
1334	275	338	287	1	276
1335	277	338	287	1	278
1336	267	338	288	0	335
1337	271	338	288	1	336
1338	273	338	288	1	274
1339	275	338	288	1	276
1340	277	338	288	1	278
1341	267	338	289	0	335
1342	271	338	289	1	336
1343	273	338	289	1	274
1344	275	338	289	1	276
1345	277	338	289	1	278
1346	267	338	290	0	335
1347	271	338	290	1	336
1348	273	338	290	1	274
1349	275	338	290	1	276
1350	277	338	290	1	278
1351	267	284	284	1	339
1352	271	284	284	1	340
1353	273	284	284	1	274
1354	275	284	284	1	276
1355	277	284	284	1	276
1356	267	269	284	1	339
1357	271	269	284	1	340
1358	273	269	284	1	274
1359	275	269	284	1	276
1360	277	269	284	1	276
1361	267	269	269	1	339
1362	271	269	269	1	340
1363	273	269	269	1	274
1364	275	269	269	1	276
1365	277	269	269	1	276
1366	267	269	283	1	339
1367	271	269	283	1	340
1368	273	269	283	1	274
1369	275	269	283	1	276
1370	277	269	283	1	276
1371	267	269	279	1	339
1372	271	269	279	1	340
1373	273	269	279	1	274
1374	275	269	279	1	276
1375	277	269	279	1	276
1376	267	269	281	1	339
1377	271	269	281	1	340
1378	273	269	281	1	274
1379	275	269	281	1	276
1380	277	269	281	1	276
1381	267	269	285	1	339
1382	271	269	285	1	340
1383	273	269	285	1	274
1384	275	269	285	1	276
1385	277	269	285	1	276
1386	267	269	287	1	339
1387	271	269	287	1	340
1388	273	269	287	1	274
1389	275	269	287	1	276
1390	277	269	287	1	276
1391	267	269	288	1	339
1392	271	269	288	1	340
1393	273	269	288	1	274
1394	275	269	288	1	276
1395	277	269	288	1	276
1396	267	269	289	1	339
1397	271	269	289	1	340
1398	273	269	289	1	274
1399	275	269	289	1	276
1400	277	269	289	1	276
1401	267	290	269	1	341
1402	267	269	290	1	339
1403	271	290	269	1	340
1404	273	290	269	1	274
1405	275	290	269	1	276
1406	277	290	269	1	342
1407	267	290	284	1	341
1408	267	284	290	1	339
1409	271	290	284	1	340
1410	273	290	284	1	274
1411	275	290	284	1	276
1412	277	290	284	1	342
1413	267	269	269	1	339
1414	271	269	269	1	340
1415	273	269	269	1	274
1416	275	269	269	1	276
1417	277	269	269	1	278
1418	267	269	283	1	339
1419	271	269	283	1	340
1420	273	269	283	1	274
1421	275	269	283	1	276
1422	277	269	283	1	276
1423	267	269	279	1	339
1424	271	269	279	1	340
1425	273	269	279	1	274
1426	275	269	279	1	276
1427	277	269	279	1	278
1428	267	269	281	1	339
1429	271	269	281	1	340
1430	273	269	281	1	274
1431	275	269	281	1	276
1432	277	269	281	1	278
1433	267	269	285	1	339
1434	271	269	285	1	340
1435	273	269	285	1	274
1436	275	269	285	1	276
1437	277	269	285	1	278
1438	267	269	287	1	339
1439	271	269	287	1	340
1440	273	269	287	1	274
1441	275	269	287	1	276
1442	277	269	287	1	278
1443	267	269	288	1	339
1444	271	269	288	1	340
1445	273	269	288	1	274
1446	275	269	288	1	276
1447	277	269	288	1	278
1448	267	269	289	1	339
1449	271	269	289	1	340
1450	273	269	289	1	274
1451	275	269	289	1	276
1452	277	269	289	1	278
1453	267	290	269	1	341
1454	267	269	290	1	339
1455	271	290	269	1	340
1456	273	290	269	1	274
1457	275	290	269	1	276
1458	277	290	269	1	342
1459	267	290	283	1	343
1460	267	283	269	1	341
1461	267	283	290	1	341
1462	271	290	283	1	340
1463	273	290	283	1	274
1464	275	290	283	1	276
1465	277	290	283	1	278
1466	344	290	279	1	345
1467	267	279	269	1	341
1468	267	279	290	1	341
1469	271	290	279	1	340
1470	273	290	279	1	274
1471	275	290	279	1	276
1472	277	290	279	1	278
1473	267	290	281	1	346
1474	267	281	269	1	339
1475	267	281	290	1	341
1476	271	290	281	1	340
1477	273	290	281	1	274
1478	275	290	281	1	276
1479	277	290	281	1	278
1480	267	290	285	1	347
1481	267	285	269	1	339
1482	267	285	290	1	341
1483	271	290	285	1	340
1484	273	290	285	1	274
1485	275	290	285	1	348
1486	277	290	285	1	342
1487	267	290	287	1	349
1488	267	287	269	1	341
1489	267	287	290	1	341
1490	271	290	287	1	340
1491	273	290	287	1	274
1492	275	290	287	1	276
1493	277	290	287	1	278
1494	267	290	288	1	341
1495	267	288	269	1	341
1496	267	288	290	1	341
1497	271	290	288	1	340
1498	273	290	288	1	274
1499	275	290	288	1	348
1500	277	290	288	1	342
1501	267	290	289	1	350
1502	267	289	290	1	351
1503	267	289	269	1	351
1504	271	290	289	1	340
1505	273	290	289	1	274
1506	275	290	289	1	348
1507	277	290	289	1	342
1508	267	290	290	1	352
1509	271	290	290	1	340
1510	273	290	290	1	274
1511	275	290	290	1	348
1512	277	290	290	1	342
1513	267	353	284	1	354
1514	271	353	284	1	355
1515	273	353	284	1	274
1516	275	353	284	1	276
1517	277	353	284	1	278
1518	267	353	269	1	354
1519	271	353	269	1	355
1520	273	353	269	1	274
1521	275	353	269	1	276
1522	277	353	269	1	278
1523	267	353	279	1	354
1524	271	353	279	1	340
1525	273	353	279	1	274
1526	275	353	279	1	276
1527	277	353	279	1	278
1528	267	353	281	1	354
1529	271	353	281	1	355
1530	273	353	281	1	274
1531	275	353	281	1	276
1532	277	353	281	1	278
1533	267	353	283	1	354
1534	271	353	283	1	355
1535	273	353	283	1	274
1536	275	353	283	1	276
1537	277	353	283	1	278
1538	267	353	285	1	354
1539	271	353	285	1	340
1540	273	353	285	1	274
1541	275	353	285	1	276
1542	277	353	285	1	278
1543	267	353	287	1	354
1544	271	353	287	1	355
1545	273	353	287	1	274
1546	275	353	287	1	276
1547	277	353	287	1	278
1548	267	353	288	1	354
1549	271	353	288	1	355
1550	273	353	288	1	274
1551	275	353	288	1	276
1552	277	353	288	1	278
1553	267	353	289	1	354
1554	271	353	289	1	355
1555	273	353	289	1	274
1556	275	353	289	1	276
1557	277	353	289	1	278
1558	267	353	290	1	354
1559	271	353	290	1	340
1560	273	353	290	1	274
1561	275	353	290	1	276
1562	277	353	290	1	278
1563	356	284	357	0	358
1564	356	284	359	0	360
1565	356	284	361	0	362
1566	356	284	290	0	363
1567	356	284	364	0	363
1568	356	284	365	0	366
1569	356	284	367	0	368
1570	356	284	369	0	368
1571	356	284	370	0	368
1572	356	284	371	0	368
1573	356	284	372	0	368
1574	356	284	373	0	374
1575	356	284	284	0	368
1576	356	269	357	0	358
1577	356	269	359	0	360
1578	356	269	361	0	362
1579	356	269	290	0	363
1580	356	269	364	0	363
1581	356	269	365	0	366
1582	356	269	367	0	368
1583	356	269	369	0	368
1584	356	269	375	0	358
1585	356	269	371	0	368
1586	356	269	372	0	368
1587	356	269	376	0	377
1588	356	269	378	0	377
1589	356	269	284	0	360
1590	356	269	373	0	374
1591	356	290	357	0	358
1592	356	290	359	0	360
1593	356	290	361	0	362
1594	356	290	290	0	363
1595	356	290	364	0	363
1596	356	290	365	0	366
1597	356	290	367	0	368
1598	356	290	369	0	368
1599	356	290	375	0	358
1600	356	290	371	0	368
1601	356	290	372	0	368
1602	356	290	376	0	377
1603	356	290	378	0	377
1604	356	290	284	0	360
1605	356	379	373	0	374
1606	356	290	380	0	381
1607	356	269	380	0	381
1608	356	284	380	0	381
1609	356	290	382	0	374
1610	356	269	382	0	374
1611	356	284	382	0	374
1612	356	284	383	0	384
1613	356	284	385	0	386
1614	356	284	387	0	388
1615	356	284	389	0	390
1616	356	284	391	0	392
1617	356	284	393	0	394
1618	356	284	395	0	396
1619	356	284	397	0	398
1620	356	284	399	0	400
1621	356	284	401	0	402
1622	356	284	403	0	404
1623	356	284	405	0	406
1624	356	284	407	0	408
1625	356	284	409	0	410
1626	356	284	411	0	412
1627	356	284	413	0	414
1628	356	284	415	0	416
1629	356	284	417	0	418
1630	356	284	419	0	420
1631	356	284	421	0	422
1632	356	284	423	0	424
1633	356	284	425	0	426
1634	356	284	427	0	428
1635	356	284	429	0	430
1636	356	284	431	0	432
1637	356	269	383	0	384
1638	356	269	385	0	386
1639	356	269	387	0	388
1640	356	269	389	0	390
1641	356	269	391	0	392
1642	356	269	393	0	394
1643	356	269	395	0	396
1644	356	269	397	0	398
1645	356	269	399	0	400
1646	356	269	401	0	402
1647	356	269	403	0	404
1648	356	269	405	0	406
1649	356	269	407	0	408
1650	356	269	409	0	410
1651	356	269	411	0	412
1652	356	269	413	0	414
1653	356	269	415	0	416
1654	356	269	417	0	418
1655	356	269	419	0	420
1656	356	269	421	0	422
1657	356	269	423	0	424
1658	356	269	425	0	426
1659	356	269	427	0	428
1660	356	269	429	0	430
1661	356	269	431	0	432
1662	356	290	383	0	384
1663	356	290	385	0	386
1664	356	290	387	0	388
1665	356	290	389	0	390
1666	356	290	391	0	392
1667	356	290	393	0	394
1668	356	290	395	0	396
1669	356	290	397	0	398
1670	356	290	399	0	400
1671	356	290	401	0	402
1672	356	290	403	0	404
1673	356	290	405	0	406
1674	356	290	407	0	408
1675	356	290	409	0	410
1676	356	290	411	0	412
1677	356	290	413	0	414
1678	356	290	415	0	416
1679	356	290	417	0	418
1680	356	290	419	0	420
1681	356	290	421	0	422
1682	356	290	423	0	424
1683	356	290	425	0	426
1684	356	290	427	0	428
1685	356	290	429	0	430
1686	356	290	431	0	432
1687	433	269	357	1	434
1688	433	269	359	1	435
1689	433	269	436	1	435
1690	433	269	367	1	437
1691	433	269	365	1	438
1692	433	269	439	1	440
1693	433	269	441	1	437
1694	433	269	369	1	442
1695	433	269	375	1	443
1696	433	269	370	1	444
1697	433	269	361	1	445
1698	433	269	372	1	446
1699	433	269	371	1	440
1700	433	269	290	1	447
1701	433	269	364	1	447
1702	433	269	376	1	448
1703	433	269	378	1	448
1704	433	269	284	1	449
1705	433	269	380	1	450
1706	433	269	373	1	451
1707	433	269	382	1	451
1708	433	290	357	1	452
1709	433	290	359	1	453
1710	433	290	436	1	453
1711	433	290	367	1	454
1712	433	290	365	1	438
1713	433	290	439	1	449
1714	433	290	441	1	454
1715	433	290	369	1	455
1716	433	290	375	1	443
1717	433	290	370	1	456
1718	433	290	361	1	457
1719	433	290	372	1	458
1720	433	290	371	1	459
1721	433	290	290	1	447
1722	433	290	364	1	447
1723	433	290	376	1	448
1724	433	290	378	1	448
1725	433	290	284	1	449
1726	433	290	380	1	450
1727	433	290	373	1	451
1728	433	290	382	1	451
1729	433	284	357	1	452
1730	433	284	359	1	453
1731	433	284	436	1	453
1732	433	284	367	1	454
1733	433	284	365	1	438
1734	433	284	439	1	449
1735	433	284	441	1	454
1736	433	284	369	1	455
1737	433	284	375	1	443
1738	433	284	370	1	456
1739	433	284	361	1	457
1740	433	284	372	1	458
1741	433	284	371	1	459
1742	433	284	290	1	447
1743	433	284	364	1	447
1744	433	284	376	1	448
1745	433	284	378	1	448
1746	433	284	284	1	449
1747	433	284	380	1	450
1748	433	284	373	1	451
1749	433	284	382	1	451
1750	433	460	357	2	452
1751	433	460	380	2	450
1752	433	460	373	2	461
1753	433	460	382	2	461
1754	433	460	367	2	462
1755	433	460	359	2	463
1756	433	460	369	2	464
1757	433	460	372	2	465
1758	433	460	371	2	466
1759	433	460	467	2	468
1760	433	460	376	2	468
1761	433	460	378	2	468
1762	433	460	365	2	469
1763	433	460	470	2	462
1764	433	460	284	2	462
1765	433	471	357	2	452
1766	433	471	380	2	450
1767	433	471	373	2	461
1768	433	471	382	2	461
1769	433	471	367	2	472
1770	433	471	359	2	473
1771	433	471	369	2	474
1772	433	471	372	2	475
1773	433	471	371	2	476
1774	433	471	467	2	477
1775	433	471	376	2	477
1776	433	471	378	2	477
1777	433	471	365	2	478
1778	433	471	470	2	472
1779	433	471	284	2	472
1780	433	479	357	2	452
1781	433	479	380	2	450
1782	433	479	373	2	461
1783	433	479	382	2	461
1784	433	479	367	2	480
1785	433	479	359	2	481
1786	433	479	369	2	482
1787	433	479	372	2	483
1788	433	479	371	2	476
1789	433	479	467	2	484
1790	433	479	376	2	484
1791	433	479	378	2	484
1792	433	479	365	2	485
1793	433	479	470	2	480
1794	433	479	284	2	480
1795	433	486	357	2	452
1796	433	486	380	2	450
1797	433	487	373	2	461
1798	433	486	367	2	488
1799	433	486	359	2	489
1800	433	486	369	2	490
1801	433	486	372	2	491
1802	433	486	371	2	492
1803	433	486	467	2	493
1804	433	486	376	2	493
1805	433	486	378	2	493
1806	433	486	365	2	494
1807	433	486	470	2	488
1808	433	486	284	2	488
1809	433	486	357	2	452
1810	433	495	380	2	450
1811	433	495	373	2	461
1812	433	495	367	2	496
1813	433	495	359	2	489
1814	433	495	369	2	497
1815	433	495	372	2	498
1816	433	495	371	2	499
1817	433	495	467	2	493
1818	433	495	376	2	493
1819	433	495	378	2	493
1820	433	495	365	2	500
1821	433	495	470	2	496
1822	433	495	284	2	496
1823	433	501	357	2	452
1824	433	501	380	2	450
1825	433	501	373	2	461
1826	433	501	367	2	502
1827	433	501	359	2	503
1828	433	501	369	2	504
1829	433	501	372	2	505
1830	433	501	371	2	506
1831	433	501	376	2	507
1832	433	501	378	2	507
1833	433	501	467	2	507
1834	433	501	365	2	508
1835	433	501	470	2	502
1836	433	501	284	2	502
1837	433	509	357	2	452
1838	433	509	380	2	510
1839	433	509	373	2	461
1840	433	509	367	2	511
1841	433	509	359	2	512
1842	433	509	369	2	513
1843	433	509	372	2	514
1844	433	509	371	2	515
1845	433	509	467	2	516
1846	433	509	376	2	516
1847	433	509	378	2	516
1848	433	509	365	2	517
1849	433	509	470	2	511
1850	433	509	284	2	511
1851	433	518	357	2	452
1852	433	518	380	2	510
1853	433	518	373	2	461
1854	433	518	382	2	461
1855	433	518	367	2	519
1856	433	518	359	2	520
1857	433	518	369	2	521
1858	433	518	372	2	522
1859	433	518	371	2	523
1860	433	518	467	2	524
1861	433	518	376	2	524
1862	433	518	378	2	524
1863	433	518	365	2	525
1864	433	518	470	2	519
1865	433	518	284	2	519
1866	433	526	357	2	452
1867	433	526	380	2	510
1868	433	526	373	2	461
1869	433	526	382	2	461
1870	433	526	367	2	527
1871	433	526	359	2	528
1872	433	526	369	2	529
1873	433	526	372	2	530
1874	433	526	371	2	523
1875	433	526	467	2	531
1876	433	526	376	2	531
1877	433	526	378	2	531
1878	433	526	365	2	532
1879	433	526	470	2	527
1880	433	526	284	2	527
1881	433	533	357	2	534
1882	433	533	380	2	535
1883	433	533	373	2	461
1884	433	533	367	2	534
1885	433	533	359	2	536
1886	433	533	369	2	537
1887	433	533	372	2	538
1888	433	533	371	2	539
1889	433	533	467	2	540
1890	433	533	376	2	540
1891	433	533	378	2	540
1892	433	533	365	2	541
1893	433	533	470	2	534
1894	433	533	284	2	534
1895	433	542	357	2	452
1896	433	542	359	2	453
1897	433	542	436	2	453
1898	433	542	367	2	454
1899	433	542	365	1	438
1900	433	542	439	2	449
1901	433	542	441	1	437
1902	433	542	369	2	455
1903	433	542	375	1	443
1904	433	542	370	1	444
1905	433	542	361	2	457
1906	433	542	372	2	543
1907	433	542	371	2	449
1908	433	542	290	1	447
1909	433	542	364	1	447
1910	433	542	376	1	448
1911	433	542	378	1	448
1912	433	542	284	2	449
1913	433	542	380	2	450
1914	433	542	373	2	451
1915	433	542	544	2	451
1916	433	545	357	2	546
1917	433	545	359	2	546
1918	433	545	436	2	546
1919	433	545	367	2	546
1920	433	545	365	1	546
1921	433	545	439	2	546
1922	433	545	441	1	546
1923	433	545	369	2	546
1924	433	545	375	1	546
1925	433	545	370	1	546
1926	433	545	361	2	546
1927	433	545	372	2	546
1928	433	545	371	2	546
1929	433	545	290	1	546
1930	433	545	364	1	546
1931	433	545	376	1	547
1932	433	545	378	1	546
1933	433	545	284	2	546
1934	433	545	380	2	546
1935	433	545	373	2	547
1936	433	545	544	2	547
1937	433	548	357	2	549
1938	433	548	359	2	549
1939	433	548	436	2	549
1940	433	548	367	2	549
1941	433	548	365	1	549
1942	433	548	439	2	549
1943	433	548	441	1	549
1944	433	548	369	2	549
1945	433	548	375	1	549
1946	433	548	370	1	549
1947	433	548	361	2	549
1948	433	548	372	2	549
1949	433	548	371	2	549
1950	433	548	290	1	549
1951	433	548	364	1	549
1952	433	548	376	1	550
1953	433	548	378	1	549
1954	433	548	284	2	549
1955	433	548	380	2	549
1956	433	548	373	2	550
1957	433	548	544	2	550

 