15	451	
id	name	category	mesh	meshfx	bound	anim	playerlevel	skillid	skilllevel	requireitem	requiretype	harvestcount	harvestid	harvestex
int	text	string	string	string	string	string	int	int	int	int	int	int	string	string
400001	STR_GB_SOURCE_VEGETABLE_10A	826	827	828	829	830	0	30002	20	0	0	3	831	0
400002	STR_GB_SOURCE_VEGETABLE_10B	826	827	828	829	830	0	30002	55	0	0	3	832	0
400003	STR_GB_SOURCE_VEGETABLE_10C	826	827	828	829	830	0	30002	75	0	0	3	833	0
400004	STR_GB_SOURCE_VEGETABLE_20A	826	834	828	835	830	0	30002	120	0	0	3	836	0
400005	STR_GB_SOURCE_VEGETABLE_20B	826	834	828	835	830	0	30002	180	0	0	3	837	0
400006	STR_GB_SOURCE_VEGETABLE_20B	826	834	828	835	830	0	30002	180	0	0	3	837	0
400007	STR_GB_SOURCE_VEGETABLE_30A	826	827	828	829	830	30	30002	240	0	0	3	838	0
400008	STR_GB_SOURCE_VEGETABLE_30B	826	827	828	829	830	30	30002	280	0	0	3	839	0
400009	STR_GB_SOURCE_VEGETABLE_40A	826	827	828	829	830	40	30002	330	0	0	3	840	0
400010	STR_GB_SOURCE_VEGETABLE_40B	826	827	828	829	830	40	30002	375	122001274	1	3	841	842
400011	STR_GB_SOURCE_VEGETABLE_10C_LF2A	826	827	828	829	830	0	30002	75	0	0	3	833	0
400012	STR_GB_SOURCE_VEGETABLE_30B_LF2B_A	826	827	828	829	830	30	30002	280	0	0	3	839	0
400013	STR_GB_SOURCE_VEGETABLE_40A_LF2B_C	826	827	828	829	830	40	30002	330	0	0	3	840	0
400014	STR_GB_SOURCE_VEGETABLE_40B_LF2B_C	826	827	828	829	830	40	30002	375	122001274	1	3	841	842
400015	STR_GB_SOURCE_VEGETABLE_40B_LF2B_D	826	827	828	829	830	40	30002	375	122001274	1	3	841	842
400016	STR_GB_SOURCE_VEGETABLE_50A	826	843	828	844	830	50	30002	410	0	0	3	845	0
400017	STR_GB_SOURCE_VEGETABLE_50B	826	843	828	844	830	50	30002	455	0	0	3	846	0
400018	STR_GB_SOURCE_VEGETABLE_50C	826	843	828	844	830	50	30002	485	0	0	3	847	0
400051	STR_GB_SOURCE_VEGETABLE_D_10A	826	827	828	829	830	0	30002	20	0	0	3	848	0
400052	STR_GB_SOURCE_VEGETABLE_D_10B	826	827	828	829	830	0	30002	55	0	0	3	849	0
400053	STR_GB_SOURCE_VEGETABLE_D_10C	826	827	828	829	830	0	30002	75	0	0	3	850	0
400054	STR_GB_SOURCE_VEGETABLE_D_20A	826	827	828	829	830	0	30002	140	0	0	3	851	0
400055	STR_GB_SOURCE_VEGETABLE_D_20B	826	827	828	829	830	0	30002	190	0	0	3	852	0
400056	STR_GB_SOURCE_VEGETABLE_D_30A	826	853	828	829	830	30	30002	230	0	0	3	854	0
400057	STR_GB_SOURCE_VEGETABLE_D_30B	826	834	828	835	830	30	30002	290	0	0	3	855	0
400058	STR_GB_SOURCE_VEGETABLE_D_30B	826	853	828	829	830	30	30002	290	0	0	3	855	0
400059	STR_GB_SOURCE_VEGETABLE_D_40A	826	853	828	829	830	40	30002	335	0	0	3	856	0
400060	STR_GB_SOURCE_VEGETABLE_D_40B	826	853	828	829	830	40	30002	375	122001275	1	3	857	858
400061	STR_GB_SOURCE_VEGETABLE_D_10C_DF2A	826	853	828	829	830	0	30002	75	0	0	3	859	0
400062	STR_GB_SOURCE_VEGETABLE_D_20A_DF2A	826	853	828	829	830	0	30002	140	0	0	3	860	0
400063	STR_GB_SOURCE_VEGETABLE_D_30B_DF2B_A	826	834	828	835	830	30	30002	290	0	0	3	855	0
400064	STR_GB_SOURCE_VEGETABLE_D_40A_DF2B_C	826	827	828	829	830	40	30002	335	0	0	3	856	0
400065	STR_GB_SOURCE_VEGETABLE_D_40B_DF2B_C	826	827	828	829	830	40	30002	375	122001275	1	3	857	858
400066	STR_GB_SOURCE_VEGETABLE_D_40B_DF2B_D	826	853	828	829	830	40	30002	375	122001275	1	3	857	858
400067	STR_GB_SOURCE_VEGETABLE_D_50A	826	843	828	844	830	50	30002	425	0	0	3	861	0
400068	STR_GB_SOURCE_VEGETABLE_D_50B	826	843	828	844	830	50	30002	440	0	0	3	862	0
400069	STR_GB_SOURCE_VEGETABLE_D_50C	826	843	828	844	830	50	30002	490	0	0	3	863	0
400070	STR_GB_SOURCE_VEGETABLE_D_40B_DF2B_D	826	834	828	835	830	40	30002	375	122001275	1	3	857	858
400101	STR_GB_SOURCE_NOBLEMETAL_10A	864	865	866	867	830	0	30002	35	0	0	3	868	0
400102	STR_GB_SOURCE_NOBLEMETAL_20A	864	865	866	867	830	0	30002	160	0	0	3	869	0
400103	STR_GB_SOURCE_NOBLEMETAL_30A	864	865	866	867	830	30	30002	210	0	0	3	870	0
400104	STR_GB_SOURCE_NOBLEMETAL_40A	864	865	866	867	830	40	30002	320	0	0	3	871	0
400105	STR_GB_SOURCE_NOBLEMETAL_20A_LF2A	864	865	866	867	830	0	30002	160	0	0	3	872	0
400106	STR_GB_SOURCE_NOBLEMETAL_40A_LF2B_B	864	865	866	867	830	40	30002	320	0	0	3	871	0
400107	STR_GB_SOURCE_NOBLEMETAL_40A_LF2B_C	864	865	866	867	830	40	30002	370	0	0	3	873	0
400108	STR_GB_SOURCE_NOBLEMETAL_40A_LF2B_E	864	865	866	867	830	40	30002	320	0	0	3	871	0
400109	STR_GB_SOURCE_NOBLEMETAL_50A	864	865	866	867	830	50	30002	460	0	0	3	874	0
400110	STR_GB_SOURCE_NOBLEMETAL_50C	864	875	876	877	830	50	30002	460	169405021	2	3	874	874
400111	STR_GB_SOURCE_NOBLEMETAL_50B	864	878	866	879	830	50	30002	440	0	0	1	880	0
400151	STR_GB_SOURCE_NOBLEMETAL_D_10A	864	865	866	867	830	0	30002	35	0	0	3	868	0
400152	STR_GB_SOURCE_NOBLEMETAL_D_20A	864	865	866	867	830	0	30002	160	0	0	3	869	0
400153	STR_GB_SOURCE_NOBLEMETAL_D_30A	864	865	866	867	830	30	30002	210	0	0	3	870	0
400154	STR_GB_SOURCE_NOBLEMETAL_D_40A	864	865	866	867	830	40	30002	320	0	0	3	871	0
400155	STR_GB_SOURCE_NOBLEMETAL_D_20A_DF2A	864	865	866	867	830	0	30002	160	0	0	3	869	0
400156	STR_GB_SOURCE_NOBLEMETAL_D_40A_DF2B_A	864	865	866	867	830	40	30002	320	0	0	3	871	0
400157	STR_GB_SOURCE_NOBLEMETAL_D_40A_DF2B_B	864	865	866	867	830	40	30002	320	0	0	3	871	0
400158	STR_GB_SOURCE_NOBLEMETAL_D_50A	864	865	866	867	830	50	30002	460	0	0	3	874	0
400159	STR_GB_SOURCE_NOBLEMETAL_D_50C	864	875	876	877	830	50	30002	460	169405021	2	3	881	874
400201	STR_GA_SOURCE_METAL_01A	864	882	0	883	884	0	30001	15	0	0	3	885	0
400202	STR_GB_SOURCE_METAL_10A	886	887	888	889	830	0	30002	15	0	0	3	885	0
400203	STR_GB_SOURCE_METAL_10A	886	887	888	889	830	0	30002	15	0	0	3	885	0
400204	STR_GB_SOURCE_METAL_20A	886	887	888	889	830	0	30002	100	0	0	3	890	0
400205	STR_GB_SOURCE_METAL_20A	886	887	888	889	830	0	30002	100	0	0	3	890	0
400206	STR_GB_SOURCE_METAL_30A	886	887	888	889	830	30	30002	200	0	0	3	891	0
400207	STR_GB_SOURCE_METAL_30A	886	887	888	889	830	30	30002	200	0	0	3	891	0
400208	STR_GB_SOURCE_METAL_40A	886	887	888	889	830	40	30002	300	0	0	3	892	0
400209	STR_GB_SOURCE_METAL_20A_LF2A	886	887	888	889	830	0	30002	100	0	0	3	893	0
400210	STR_GB_SOURCE_METAL_40A_LF2B_B	886	887	888	889	830	40	30002	300	0	0	3	892	0
400211	STR_GB_SOURCE_METAL_40A_LF2B_C	886	887	888	889	830	40	30002	360	0	0	3	894	0
400212	STR_GB_SOURCE_METAL_40A_LF2B_E	886	887	888	889	830	40	30002	300	0	0	3	892	0
400213	STR_GB_SOURCE_METAL_50A	864	895	888	896	830	50	30002	400	0	0	3	897	0
400251	STR_GA_SOURCE_METAL_D_01A	864	882	0	883	884	0	30001	15	0	0	3	885	0
400252	STR_GB_SOURCE_METAL_D_10A	886	887	888	889	830	0	30002	15	0	0	3	885	0
400253	STR_GB_SOURCE_METAL_D_10A	886	887	888	889	830	0	30002	15	0	0	3	885	0
400254	STR_GB_SOURCE_METAL_D_20A	886	887	888	889	830	0	30002	100	0	0	3	890	0
400255	STR_GB_SOURCE_METAL_D_20A	886	887	888	889	830	0	30002	100	0	0	3	890	0
400256	STR_GB_SOURCE_METAL_D_30A	886	887	888	889	830	30	30002	200	0	0	3	891	0
400257	STR_GB_SOURCE_METAL_D_30A	886	887	888	889	830	30	30002	200	0	0	3	891	0
400258	STR_GB_SOURCE_METAL_D_40A	886	887	888	889	830	40	30002	300	0	0	3	892	0
400259	STR_GB_SOURCE_METAL_D_20A_DF2A	886	887	888	889	830	0	30002	100	0	0	3	890	0
400260	STR_GB_SOURCE_METAL_D_40A_DF2B_A	886	887	888	889	830	40	30002	300	0	0	3	892	0
400261	STR_GB_SOURCE_METAL_D_50A	864	895	888	896	830	50	30002	400	0	0	3	897	0
400301	STR_GB_SOURCE_JEWELRY_10A	898	899	900	901	830	0	30002	40	0	0	1	902	0
400302	STR_GB_SOURCE_JEWELRY_10B	898	899	900	901	830	0	30002	80	0	0	1	903	0
400303	STR_GB_SOURCE_JEWELRY_10C	898	899	900	901	830	0	30002	60	0	0	1	904	0
400304	STR_GB_SOURCE_JEWELRY_20A	898	899	900	901	830	0	30002	145	0	0	1	905	0
400305	STR_GB_SOURCE_JEWELRY_20B	898	899	900	901	830	0	30002	155	0	0	1	906	0
400306	STR_GB_SOURCE_JEWELRY_20C	898	899	900	901	830	0	30002	185	0	0	1	907	0
400307	STR_GB_SOURCE_JEWELRY_30A	898	899	900	901	830	30	30002	215	0	0	1	908	0
400308	STR_GB_SOURCE_JEWELRY_30B	898	899	900	901	830	30	30002	245	0	0	1	909	0
400309	STR_GB_SOURCE_JEWELRY_30C	898	899	900	901	830	30	30002	280	0	0	1	910	0
400310	STR_GB_SOURCE_JEWELRY_40A	898	899	900	901	830	40	30002	315	122001250	1	1	911	912
400311	STR_GB_SOURCE_JEWELRY_40B	898	899	900	901	830	40	30002	350	122001250	1	1	913	914
400312	STR_GB_SOURCE_JEWELRY_40C	898	899	900	901	830	40	30002	380	122001250	1	1	915	916
400313	STR_GB_SOURCE_JEWELRY_20A_LF2A	898	899	900	901	830	0	30002	145	0	0	1	917	0
400314	STR_GB_SOURCE_JEWELRY_20B_LF2A	898	899	900	901	830	0	30002	155	0	0	1	918	0
400315	STR_GB_SOURCE_JEWELRY_20C_LF2A	898	899	900	901	830	0	30002	185	0	0	1	919	0
400316	STR_GB_SOURCE_JEWELRY_40A_LF2B_B	898	899	900	901	830	40	30002	315	122001250	1	1	911	912
400317	STR_GB_SOURCE_JEWELRY_40A_LF2B_E	898	899	900	901	830	40	30002	315	122001250	1	1	911	912
400318	STR_GB_SOURCE_JEWELRY_40B_LF2B_C	898	899	900	901	830	40	30002	350	122001250	1	1	913	914
400319	STR_GB_SOURCE_JEWELRY_40B_LF2B_E	898	899	900	901	830	40	30002	350	122001250	1	1	913	914
400320	STR_GB_SOURCE_JEWELRY_40C_LF2B_C	898	899	900	901	830	40	30002	380	122001250	1	1	915	916
400321	STR_GB_SOURCE_JEWELRY_40C_LF2B_D	898	899	900	901	830	40	30002	380	122001250	1	1	915	916
400322	STR_GB_SOURCE_JEWELRY_40C_LF2B_E	898	899	900	901	830	40	30002	380	122001250	1	1	915	916
400323	STR_GB_SOURCE_JEWELRY_50A	898	920	900	921	830	50	30002	450	0	0	1	922	0
400324	STR_GB_SOURCE_JEWELRY_50B	898	920	900	921	830	50	30002	420	0	0	1	923	0
400325	STR_GB_SOURCE_JEWELRY_50C	898	920	900	921	830	50	30002	495	0	0	1	924	0
400351	STR_GB_SOURCE_JEWELRY_D_10A	898	899	900	901	830	0	30002	40	0	0	1	902	0
400352	STR_GB_SOURCE_JEWELRY_D_10B	898	899	900	901	830	0	30002	80	0	0	1	903	0
400353	STR_GB_SOURCE_JEWELRY_D_10C	898	899	900	901	830	0	30002	60	0	0	1	904	0
400354	STR_GB_SOURCE_JEWELRY_D_20A	898	899	900	901	830	0	30002	145	0	0	1	905	0
400355	STR_GB_SOURCE_JEWELRY_D_20B	898	899	900	901	830	0	30002	155	0	0	1	906	0
400356	STR_GB_SOURCE_JEWELRY_D_20C	898	899	900	901	830	0	30002	185	0	0	1	907	0
400357	STR_GB_SOURCE_JEWELRY_D_30A	898	899	900	901	830	30	30002	215	0	0	1	908	0
400358	STR_GB_SOURCE_JEWELRY_D_30B	898	899	900	901	830	30	30002	245	0	0	1	909	0
400359	STR_GB_SOURCE_JEWELRY_D_30C	898	899	900	901	830	30	30002	280	0	0	1	910	0
400360	STR_GB_SOURCE_JEWELRY_D_40A	898	899	900	901	830	40	30002	315	122001250	1	1	911	912
400361	STR_GB_SOURCE_JEWELRY_D_40B	898	899	900	901	830	40	30002	350	122001250	1	1	913	914
400362	STR_GB_SOURCE_JEWELRY_D_40C	898	899	900	901	830	40	30002	380	122001250	1	1	915	916
400363	STR_GB_SOURCE_JEWELRY_D_20A_DF2A	898	899	900	901	830	0	30002	145	0	0	1	905	0
400364	STR_GB_SOURCE_JEWELRY_D_20B_DF2A	898	899	900	901	830	0	30002	155	0	0	1	906	0
400365	STR_GB_SOURCE_JEWELRY_D_20C_DF2A	898	899	900	901	830	0	30002	185	0	0	1	907	0
400366	STR_GB_SOURCE_JEWELRY_D_40A_DF2B_A	898	899	900	901	830	40	30002	315	122001250	1	1	911	912
400367	STR_GB_SOURCE_JEWELRY_D_40B_DF2B_B	898	899	900	901	830	40	30002	350	122001250	1	1	913	914
400368	STR_GB_SOURCE_JEWELRY_D_40B_DF2B_E	898	899	900	901	830	40	30002	350	122001250	1	1	913	914
400369	STR_GB_SOURCE_JEWELRY_D_40C_DF2B_C	898	899	900	901	830	40	30002	380	122001250	1	1	915	916
400370	STR_GB_SOURCE_JEWELRY_D_40C_DF2B_D	898	899	900	901	830	40	30002	380	122001250	1	1	915	916
400371	STR_GB_SOURCE_JEWELRY_D_40C_DF2B_E	898	899	900	901	830	40	30002	380	122001250	1	1	915	916
400372	STR_GB_SOURCE_JEWELRY_D_50A	898	920	900	921	830	50	30002	450	0	0	1	922	0
400373	STR_GB_SOURCE_JEWELRY_D_50B	898	920	900	921	830	50	30002	420	0	0	1	923	0
400374	STR_GB_SOURCE_JEWELRY_D_50C	898	920	900	921	830	50	30002	495	0	0	1	924	0
400401	STR_GB_SOURCE_TREE_10A	925	926	927	928	830	0	30002	30	0	0	3	929	0
400402	STR_GB_SOURCE_TREE_10A	925	926	927	928	830	0	30002	30	0	0	3	929	0
400403	STR_GB_SOURCE_TREE_20A	925	926	927	928	830	0	30002	140	0	0	3	930	0
400404	STR_GB_SOURCE_TREE_20A	925	926	927	928	830	0	30002	140	0	0	3	930	0
400405	STR_GB_SOURCE_TREE_20A	925	926	927	928	830	0	30002	140	0	0	3	930	0
400406	STR_GB_SOURCE_TREE_30A	925	931	927	928	830	30	30002	250	0	0	3	932	0
400407	STR_GB_SOURCE_TREE_30A	925	931	927	928	830	30	30002	250	0	0	3	932	0
400408	STR_GB_SOURCE_TREE_30A	925	931	927	928	830	30	30002	250	0	0	3	932	0
400409	STR_GB_SOURCE_TREE_30A	925	931	927	928	830	30	30002	250	0	0	3	932	0
400410	STR_GB_SOURCE_TREE_40A	925	926	927	928	830	40	30002	345	0	0	3	933	0
400411	STR_GB_SOURCE_TREE_40A	925	926	927	928	830	40	30002	345	0	0	3	933	0
400412	STR_GB_SOURCE_TREE_20A_LF2A	925	926	927	928	830	0	30002	140	0	0	3	930	0
400413	STR_GB_SOURCE_TREE_40A_LF2B_B	925	926	927	928	830	40	30002	345	0	0	3	933	0
400414	STR_GB_SOURCE_TREE_50A	925	934	935	936	830	50	30002	480	0	0	3	937	0
400451	STR_GB_SOURCE_TREE_D_10A	925	926	927	928	830	0	30002	30	0	0	3	938	0
400452	STR_GB_SOURCE_TREE_D_10A	925	926	927	928	830	0	30002	30	0	0	3	938	0
400453	STR_GB_SOURCE_TREE_D_20A	925	926	927	928	830	0	30002	110	0	0	3	939	0
400454	STR_GB_SOURCE_TREE_D_20A	925	926	927	928	830	0	30002	110	0	0	3	939	0
400455	STR_GB_SOURCE_TREE_D_30A	925	926	927	928	830	30	30002	250	0	0	3	940	0
400456	STR_GB_SOURCE_TREE_D_30A	925	926	927	928	830	30	30002	250	0	0	3	940	0
400457	STR_GB_SOURCE_TREE_D_40A	925	931	935	928	830	40	30002	340	0	0	3	941	0
400458	STR_GB_SOURCE_TREE_D_20A_DF2A	925	926	927	928	830	0	30002	110	0	0	3	939	0
400459	STR_GB_SOURCE_TREE_D_40A_DF2B_B	925	926	935	928	830	40	30002	340	0	0	3	941	0
400460	STR_GB_SOURCE_TREE_D_50A	925	934	935	936	830	50	30002	410	0	0	3	942	0
400501	STR_GB_SOURCE_PLANT_10A	943	944	945	946	830	0	30002	25	0	0	3	947	0
400502	STR_GB_SOURCE_PLANT_10A	943	944	945	946	830	0	30002	25	0	0	3	947	0
400503	STR_GB_SOURCE_PLANT_20A	943	948	945	949	830	0	30002	150	0	0	3	950	0
400504	STR_GB_SOURCE_PLANT_20A	943	948	945	949	830	0	30002	150	0	0	3	950	0
400505	STR_GB_SOURCE_PLANT_20A	943	948	945	949	830	0	30002	150	0	0	3	950	0
400506	STR_GB_SOURCE_PLANT_20A	943	948	945	949	830	0	30002	150	0	0	3	950	0
400507	STR_GB_SOURCE_PLANT_30A	943	944	945	946	830	30	30002	235	0	0	3	951	0
400508	STR_GB_SOURCE_PLANT_30A	943	944	945	946	830	30	30002	235	0	0	3	951	0
400509	STR_GB_SOURCE_PLANT_40A	943	944	945	946	830	40	30002	335	0	0	3	952	0
400510	STR_GB_SOURCE_PLANT_20A_LF2A	943	948	945	949	830	0	30002	150	0	0	3	950	0
400511	STR_GB_SOURCE_PLANT_40A_LF2B_B	943	944	945	946	830	40	30002	335	0	0	3	952	0
400512	STR_GB_SOURCE_PLANT_50A	943	953	945	954	830	50	30002	415	0	0	3	955	0
400513	STR_GB_SOURCE_PLANT_50B	943	944	945	946	830	50	30002	410	0	0	1	956	0
400551	STR_GB_SOURCE_PLANT_D_10A	943	944	945	946	830	0	30002	25	0	0	3	957	0
400552	STR_GB_SOURCE_PLANT_D_10A	943	944	945	946	830	0	30002	25	0	0	3	957	0
400553	STR_GB_SOURCE_PLANT_D_20A	943	944	945	946	830	0	30002	120	0	0	3	958	0
400554	STR_GB_SOURCE_PLANT_D_20A	943	944	945	946	830	0	30002	120	0	0	3	958	0
400555	STR_GB_SOURCE_PLANT_D_30A	943	944	945	946	830	30	30002	260	0	0	3	959	0
400556	STR_GB_SOURCE_PLANT_D_30A	943	944	945	946	830	30	30002	260	0	0	3	959	0
400557	STR_GB_SOURCE_PLANT_D_30A	943	944	945	946	830	30	30002	260	0	0	3	959	0
400558	STR_GB_SOURCE_PLANT_D_40A	943	960	945	961	830	40	30002	330	0	0	3	962	0
400559	STR_GB_SOURCE_PLANT_D_40A	943	960	945	961	830	40	30002	330	0	0	3	962	0
400560	STR_GB_SOURCE_PLANT_D_20A_DF2A	943	944	945	946	830	0	30002	120	0	0	3	958	0
400561	STR_GB_SOURCE_PLANT_D_40A_DF2B_B	943	960	945	961	830	40	30002	330	0	0	3	962	0
400562	STR_GB_SOURCE_PLANT_D_50A	943	953	945	954	830	50	30002	470	0	0	3	963	0
400601	STR_GA_SOURCE_HERB_01A	943	964	0	965	884	0	30001	1	0	0	3	966	0
400602	STR_GB_SOURCE_HERB_10A	967	968	969	970	830	0	30002	1	0	0	3	971	0
400603	STR_GB_SOURCE_HERB_10A	967	968	969	970	830	0	30002	1	0	0	5	971	0
400604	STR_GB_SOURCE_HERB_10B	967	972	969	973	830	0	30002	45	0	0	3	974	0
400605	STR_GB_SOURCE_HERB_10B	967	972	969	973	830	0	30002	45	0	0	3	974	0
400606	STR_GB_SOURCE_HERB_20A	967	968	969	970	830	0	30002	105	0	0	3	975	0
400607	STR_GB_SOURCE_HERB_20A	967	968	969	970	830	0	30002	105	0	0	3	975	0
400608	STR_GB_SOURCE_HERB_20B	967	972	969	973	830	0	30002	170	0	0	3	976	0
400609	STR_GB_SOURCE_HERB_30A	967	968	969	970	830	30	30002	225	0	0	3	977	0
400610	STR_GB_SOURCE_HERB_30B	967	978	969	979	830	30	30002	270	0	0	3	980	0
400611	STR_GB_SOURCE_HERB_30C	967	968	969	970	830	40	30002	310	0	0	3	981	0
400612	STR_GB_SOURCE_HERB_30C	967	968	969	970	830	40	30002	310	0	0	3	981	0
400613	STR_GB_SOURCE_HERB_40A	967	972	969	973	830	40	30002	365	122001274	1	3	982	983
400614	STR_GB_SOURCE_HERB_20A_LF2A	967	968	969	970	830	0	30002	105	0	0	3	984	0
400615	STR_GB_SOURCE_HERB_30B_LB2B_B	967	978	969	979	830	30	30002	270	0	0	3	980	0
400616	STR_GB_SOURCE_HERB_40A_LF2B_C	967	968	969	970	830	40	30002	310	0	0	3	981	0
400617	STR_GB_SOURCE_HERB_40B_LF2B_C	967	972	969	973	830	40	30002	365	122001274	1	3	982	983
400618	STR_GB_SOURCE_HERB_50A	967	985	969	986	830	50	30002	430	0	0	3	987	0
400619	STR_GB_SOURCE_HERB_50B	967	985	969	986	830	50	30002	470	0	0	3	988	0
400651	STR_GA_SOURCE_HERB_D_01A	943	964	0	965	884	0	30001	1	0	0	3	989	0
400652	STR_GB_SOURCE_HERB_D_10A	967	968	969	970	830	0	30002	1	0	0	3	990	0
400653	STR_GB_SOURCE_HERB_D_10B	967	978	969	979	830	0	30002	45	0	0	3	991	0
400654	STR_GB_SOURCE_HERB_D_10B	967	978	969	979	830	0	30002	45	0	0	3	991	0
400655	STR_GB_SOURCE_HERB_D_20A	967	968	969	970	830	0	30002	130	0	0	3	992	0
400656	STR_GB_SOURCE_HERB_D_20B	967	972	969	973	830	0	30002	170	0	0	3	993	0
400657	STR_GB_SOURCE_HERB_D_30B	967	968	969	970	830	30	30002	220	0	0	3	994	0
400658	STR_GB_SOURCE_HERB_D_30C	967	972	969	973	830	30	30002	270	0	0	3	995	0
400659	STR_GB_SOURCE_HERB_D_40A	967	968	969	970	830	40	30002	305	0	0	3	996	0
400660	STR_GB_SOURCE_HERB_D_40B	967	972	969	973	830	40	30002	365	122001275	1	3	997	998
400661	STR_GB_SOURCE_HERB_D_20A_DF2A	967	968	969	970	830	0	30002	130	0	0	3	992	0
400662	STR_GB_SOURCE_HERB_D_40A_DF2B_B	967	968	969	970	830	40	30002	305	0	0	3	996	0
400663	STR_GB_SOURCE_HERB_D_40B_DF2B_C	967	972	969	973	830	40	30002	365	122001275	1	3	999	1000
400664	STR_GB_SOURCE_HERB_D_50A	967	985	969	986	830	50	30002	445	0	0	3	1001	0
400665	STR_GB_SOURCE_HERB_D_50B	967	985	969	986	830	50	30002	485	0	0	3	1002	0
400701	STR_GA_SOURCE_BERRY_01A	1003	1004	0	1005	884	0	30001	10	0	0	3	1006	0
400702	STR_GB_SOURCE_BERRY_10A	1003	1007	1008	1009	830	0	30002	10	0	0	3	1006	0
400703	STR_GB_SOURCE_BERRY_10B	1003	1010	1008	1011	830	0	30002	50	0	0	3	1012	0
400704	STR_GB_SOURCE_BERRY_10B	1003	1010	1008	1011	830	0	30002	50	0	0	3	1012	0
400705	STR_GB_SOURCE_BERRY_10C	1003	1010	1008	1011	830	0	30002	90	0	0	3	1013	0
400706	STR_GB_SOURCE_BERRY_20A	1003	1007	1008	1009	830	0	30002	110	0	0	3	1014	0
400707	STR_GB_SOURCE_BERRY_20B	1003	1015	1008	1016	830	0	30002	165	0	0	3	1017	0
400708	STR_GB_SOURCE_BERRY_30A	1003	1015	1008	1016	830	30	30002	220	0	0	3	1018	0
400709	STR_GB_SOURCE_BERRY_30B	1003	1019	1008	1020	830	30	30002	260	0	0	6	1021	0
400710	STR_GB_SOURCE_BERRY_30B_1	1003	1010	1008	1011	830	40	30002	325	0	0	3	1022	0
400711	STR_GB_SOURCE_BERRY_40A	1003	1007	1008	1009	830	40	30002	355	0	0	3	1023	0
400712	STR_GB_SOURCE_BERRY_40B	1003	1010	1008	1011	830	40	30002	385	122001274	1	3	1024	1025
400713	STR_GB_SOURCE_BERRY_10C_LF2A	1003	1010	1008	1011	830	0	30002	90	0	0	3	1013	0
400714	STR_GB_SOURCE_BERRY_40A_LF2B_B	1003	1010	1008	1011	830	40	30002	325	0	0	3	1022	0
400715	STR_GB_SOURCE_BERRY_40B_LF2B_B	1003	1007	1008	1009	830	40	30002	355	0	0	3	1023	0
400716	STR_GB_SOURCE_BERRY_40B_LF2B_C	1003	1007	1008	1009	830	40	30002	355	0	0	3	1023	0
400717	STR_GB_SOURCE_BERRY_40C_LF2B_C	1003	1010	1008	1011	830	40	30002	385	122001274	1	3	1024	1025
400718	STR_GB_SOURCE_BERRY_40C_LF2B_D	1003	1010	1008	1011	830	40	30002	385	122001274	1	3	1024	1025
400719	STR_GB_SOURCE_BERRY_50A	1003	1026	1008	1027	830	50	30002	435	0	0	3	1028	0
400720	STR_GB_SOURCE_BERRY_50B	1003	1026	1008	1027	830	50	30002	490	0	0	3	1029	0
400721	STR_GB_SOURCE_BERRY_50C	1003	1010	1008	1011	830	50	30002	420	0	0	2	1030	0
400751	STR_GA_SOURCE_BERRY_D_01A	1003	1004	0	1005	884	0	30001	10	0	0	3	1031	0
400752	STR_GB_SOURCE_BERRY_D_10A	1003	1007	1008	1009	830	0	30002	10	0	0	3	1031	0
400753	STR_GB_SOURCE_BERRY_D_10B	1003	1015	1008	1016	830	0	30002	50	0	0	3	1032	0
400754	STR_GB_SOURCE_BERRY_D_10B	1003	1015	1008	1016	830	0	30002	50	0	0	3	1032	0
400755	STR_GB_SOURCE_BERRY_D_10C	1003	1007	1008	1009	830	0	30002	90	0	0	3	1033	0
400756	STR_GB_SOURCE_BERRY_D_20A	1003	1010	1008	1011	830	0	30002	135	0	0	3	1034	0
400757	STR_GB_SOURCE_BERRY_D_20B	1003	1007	1008	1009	830	0	30002	180	0	0	3	1035	0
400758	STR_GB_SOURCE_BERRY_D_30A	1003	1036	1008	1037	830	30	30002	240	0	0	3	1038	0
400759	STR_GB_SOURCE_BERRY_D_30B	1003	1007	1008	1009	830	30	30002	275	0	0	3	1039	0
400760	STR_GB_SOURCE_BERRY_D_30B	1003	1036	1008	1037	830	30	30002	275	0	0	3	1039	0
400761	STR_GB_SOURCE_BERRY_D_40A	1003	1036	1008	1037	830	40	30002	325	0	0	3	1040	0
400762	STR_GB_SOURCE_BERRY_D_40B	1003	1036	1008	1037	830	40	30002	355	0	0	3	1041	0
400763	STR_GB_SOURCE_BERRY_D_40C	1003	1036	1008	1037	830	40	30002	390	122001275	1	3	1042	1043
400764	STR_GB_SOURCE_BERRY_D_20A_DF2A	1003	1010	1008	1011	830	0	30002	135	0	0	3	1034	0
400765	STR_GB_SOURCE_BERRY_D_30B_DF2B_A	1003	1007	1008	1009	830	30	30002	275	0	0	3	1039	0
400766	STR_GB_SOURCE_BERRY_D_40B_DF2B_B	1003	1010	1008	1011	830	40	30002	355	0	0	3	1041	0
400767	STR_GB_SOURCE_BERRY_D_40B_DF2B_C	1003	1010	1008	1011	830	40	30002	355	0	0	3	1041	0
400768	STR_GB_SOURCE_BERRY_D_40C_DF2B_D	1003	1010	1008	1011	830	40	30002	390	122001275	1	3	1042	1043
400769	STR_GB_SOURCE_BERRY_D_50A	1003	1026	1008	1027	830	50	30002	430	0	0	3	1044	0
400770	STR_GB_SOURCE_BERRY_D_50B	1003	1026	1008	1027	830	50	30002	480	0	0	3	1045	0
400771	STR_GB_SOURCE_BERRY_D_40C_DF2B_D	1003	1010	1008	1011	830	40	30002	390	122001275	1	3	1042	1043
400801	STR_GB_SOURCE_FISH_10A	1046	1047	1048	1049	830	0	30002	5	0	0	3	1050	0
400802	STR_GB_SOURCE_FISH_10B	1046	1047	1048	1049	830	0	30002	65	0	0	3	1051	0
400803	STR_GB_SOURCE_FISH_10B	1046	1047	1048	1049	830	0	30002	65	0	0	3	1051	0
400804	STR_GB_SOURCE_FISH_10C	1046	1047	1048	1049	830	0	30002	95	0	0	3	1052	0
400805	STR_GB_SOURCE_FISH_10C	1046	1047	1048	1049	830	0	30002	95	0	0	3	1052	0
400806	STR_GB_SOURCE_FISH_20A	1046	1053	1054	1055	830	0	30002	130	0	0	3	1056	0
400807	STR_GB_SOURCE_FISH_20B	1046	1057	1058	1059	830	0	30002	190	0	0	3	1060	0
400808	STR_GB_SOURCE_FISH_30A	1046	1053	1054	1055	830	30	30002	230	0	0	3	1061	0
400809	STR_GB_SOURCE_FISH_30B	1046	1047	1048	1049	830	30	30002	265	0	0	3	1062	0
400810	STR_GB_SOURCE_FISH_40A	1046	1047	1048	1049	830	30	30002	290	0	0	3	1063	0
400811	STR_GB_SOURCE_FISH_50A	1046	1047	1048	1049	830	50	30002	445	0	0	3	1064	0
400812	STR_GB_SOURCE_FISH_50B	1046	1053	1054	1055	830	50	30002	495	0	0	3	1065	0
400813	STR_GB_SOURCE_FISH_50C	1046	1057	1058	1059	830	50	30002	430	0	0	2	1066	0
400851	STR_GB_SOURCE_FISH_D_10A	1046	1057	1048	1059	830	0	30002	5	0	0	3	1067	0
400852	STR_GB_SOURCE_FISH_D_10B	1046	1047	1048	1049	830	0	30002	65	0	0	3	1068	0
400853	STR_GB_SOURCE_FISH_D_10B	1046	1047	1048	1049	830	0	30002	65	0	0	3	1068	0
400854	STR_GB_SOURCE_FISH_D_10C	1046	1047	1048	1049	830	0	30002	95	0	0	3	1069	0
400855	STR_GB_SOURCE_FISH_D_20A	1046	1053	1048	1055	830	0	30002	115	0	0	3	1070	0
400856	STR_GB_SOURCE_FISH_D_20B	1046	1057	1048	1059	830	0	30002	150	0	0	3	1071	0
400857	STR_GB_SOURCE_FISH_D_30A	1046	1047	1048	1049	830	30	30002	255	0	0	3	1072	0
400858	STR_GB_SOURCE_FISH_D_30B	1046	1047	1048	1049	830	40	30002	310	0	0	3	1073	0
400859	STR_GB_SOURCE_FISH_D_40A	1046	1057	1048	1059	830	40	30002	345	0	0	3	1074	0
400860	STR_GB_SOURCE_FISH_D_30B_DF2B_B	1046	1047	1048	1049	830	40	30002	310	0	0	3	1073	0
400861	STR_GB_SOURCE_FISH_D_40A_DF2B_A	1046	1057	1048	1059	830	40	30002	345	0	0	3	1074	0
400862	STR_GB_SOURCE_FISH_D_40A_DF2B_B	1046	1057	1048	1059	830	40	30002	345	0	0	3	1074	0
400863	STR_GB_SOURCE_FISH_D_40A_DF2B_D	1046	1057	1048	1059	830	40	30002	345	0	0	3	1074	0
400864	STR_GB_SOURCE_FISH_D_50A	1046	1047	1048	1049	830	50	30002	430	0	0	3	1075	0
400865	STR_GB_SOURCE_FISH_D_50B	1046	1053	1054	1055	830	50	30002	480	0	0	3	1076	0
400901	STR_GB_SOURCE_SHELL_10A	1077	1078	1079	1080	830	0	30002	1	0	0	3	1081	0
400902	STR_GB_SOURCE_SHELL_10B	1077	1078	1079	1080	830	0	30002	85	0	0	3	1082	0
400903	STR_GB_SOURCE_SHELL_40A	1077	1078	1079	1080	830	40	30002	305	0	0	3	1083	0
400904	STR_GB_SOURCE_SHELL_40A_LF2B_B	1077	1078	1079	1080	830	40	30002	305	0	0	3	1083	0
400905	STR_GB_SOURCE_SHELL_50A	1077	1078	1079	1080	830	50	30002	440	0	0	3	1084	0
400906	STR_GB_SOURCE_SHELL_50B	1077	1078	1079	1080	830	50	30002	475	0	0	3	1085	0
400951	STR_GB_SOURCE_SHELL_D_10A	1077	1078	1079	1080	830	0	30002	1	0	0	3	1086	0
400952	STR_GB_SOURCE_SHELL_D_10B	1077	1078	1079	1080	830	0	30002	85	0	0	3	1087	0
400953	STR_GB_SOURCE_SHELL_D_40A	1077	1078	1079	1080	830	30	30002	280	0	0	3	1088	0
400954	STR_GB_SOURCE_SHELL_D_10B_DF2A	1077	1078	1079	1080	830	0	30002	85	0	0	3	1087	0
400955	STR_GB_SOURCE_SHELL_D_50A	1077	1078	1079	1080	830	50	30002	415	0	0	3	1089	0
400956	STR_GB_SOURCE_SHELL_D_50B	1077	1078	1079	1080	830	50	30002	465	0	0	3	1090	0
401001	STR_AG_SOURCE_OD_10A	1091	1092	0	1093	1094	0	30003	1	0	0	5	1095	0
401002	STR_AG_SOURCE_OD_10A	1091	1092	0	1093	1094	0	30003	1	0	0	5	1095	0
401003	STR_AG_SOURCE_OD_10A	1091	1092	0	1093	1094	0	30003	25	0	0	5	1095	0
401004	STR_AG_SOURCE_OD_10A	1091	1092	0	1093	1094	0	30003	50	0	0	5	1095	0
401005	STR_AG_SOURCE_OD_10A	1091	1092	0	1093	1094	0	30003	75	0	0	5	1095	0
401006	STR_AG_SOURCE_OD_10A	1091	1092	0	1093	1094	0	30003	75	0	0	5	1095	0
401007	STR_AG_SOURCE_OD_20A	1091	1096	0	1097	1094	0	30003	100	0	0	5	1098	0
401008	STR_AG_SOURCE_OD_20A	1091	1096	0	1097	1094	0	30003	100	0	0	5	1098	0
401009	STR_AG_SOURCE_OD_20A	1091	1096	0	1097	1094	0	30003	100	0	0	5	1098	0
401010	STR_AG_SOURCE_OD_20A	1091	1096	0	1097	1094	0	30003	125	0	0	5	1099	0
401011	STR_AG_SOURCE_OD_20A	1091	1096	0	1097	1094	0	30003	150	0	0	5	1100	0
401012	STR_AG_SOURCE_OD_20A	1091	1096	0	1097	1094	0	30003	175	0	0	5	1101	0
401013	STR_AG_SOURCE_OD_30A	1091	1102	0	1103	1094	30	30003	200	0	0	5	1104	0
401014	STR_AG_SOURCE_OD_30A	1091	1102	0	1103	1094	30	30003	200	0	0	5	1104	0
401015	STR_AG_SOURCE_OD_30A	1091	1102	0	1103	1094	30	30003	225	0	0	5	1105	0
401016	STR_AG_SOURCE_OD_30A	1091	1102	0	1103	1094	30	30003	250	0	0	5	1106	0
401017	STR_AG_SOURCE_OD_30A	1091	1102	0	1103	1094	30	30003	275	0	0	5	1107	0
401018	STR_AG_SOURCE_OD_40A	1091	1108	0	1103	1094	40	30003	300	0	0	5	1109	0
401019	STR_AG_SOURCE_OD_40A	1091	1108	0	1103	1094	40	30003	300	0	0	5	1109	0
401020	STR_AG_SOURCE_OD_40A	1091	1108	0	1103	1094	40	30003	325	0	0	5	1110	0
401021	STR_AG_SOURCE_OD_40A	1091	1108	0	1103	1094	40	30003	350	122001251	1	5	1111	1112
401022	STR_AG_SOURCE_OD_40A	1091	1108	0	1103	1094	40	30003	375	122001251	1	5	1113	1114
401023	STR_AG_SOURCE_OD_20A	1091	1096	0	1097	1094	0	30003	125	0	0	5	1098	0
401024	STR_AG_SOURCE_OD_20A	1091	1096	0	1097	1094	0	30003	150	0	0	5	1099	0
401025	STR_AG_SOURCE_OD_20A	1091	1096	0	1097	1094	0	30003	175	0	0	5	1100	0
401026	STR_AG_SOURCE_OD_30A	1091	1102	0	1103	1094	30	30003	225	0	0	5	1104	0
401027	STR_AG_SOURCE_OD_30A	1091	1102	0	1103	1094	30	30003	250	0	0	5	1115	0
401028	STR_AG_SOURCE_OD_30A	1091	1102	0	1103	1094	30	30003	275	0	0	5	1116	0
401029	STR_AG_SOURCE_OD_40A	1091	1108	0	1103	1094	40	30003	325	0	0	5	1109	0
401030	STR_AG_SOURCE_OD_40A	1091	1108	0	1103	1094	40	30003	350	122001251	1	5	1109	1112
401031	STR_AG_SOURCE_OD_40A	1091	1108	0	1103	1094	40	30003	375	122001251	1	5	1110	1114
401032	STR_AG_SOURCE_OD_30A	1091	1102	0	1103	1094	30	30003	225	0	0	5	1104	0
401033	STR_AG_SOURCE_OD_30A	1091	1102	0	1103	1094	30	30003	250	0	0	5	1115	0
401034	STR_AG_SOURCE_OD_30A	1091	1102	0	1103	1094	30	30003	275	0	0	5	1116	0
401035	STR_AG_SOURCE_OD_40A	1091	1102	0	1103	1094	40	30003	325	0	0	5	1109	0
401036	STR_AG_SOURCE_OD_50A	1091	1117	0	1118	1094	40	30003	399	169405022	2	5	1119	1120
401037	STR_AG_SOURCE_OD_50A	1091	1117	0	1118	1094	50	30003	400	169405022	2	5	1119	1120
401038	STR_AG_SOURCE_OD_50A	1091	1117	0	1118	1094	50	30003	425	169405022	2	5	1119	1121
401039	STR_AG_SOURCE_OD_50A	1091	1117	0	1118	1094	50	30003	450	169405022	2	5	1119	1122
401040	STR_AG_SOURCE_OD_50A	1091	1117	0	1118	1094	50	30003	475	169405022	2	5	1119	1123
401041	STR_AG_SOURCE_OD_50A	1091	1117	0	1118	830	50	30003	400	169405022	2	1	1124	1125
401042	STR_AG_SOURCE_OD_50A	1091	1117	0	1118	830	50	30003	425	169405022	2	1	1126	1127
401043	STR_AG_SOURCE_OD_50A	1091	1117	0	1118	830	50	30003	450	169405022	2	1	1128	1129
401044	STR_AG_SOURCE_OD_40A	1091	1108	0	1103	1094	40	30003	375	122001251	1	5	1130	1114
401051	STR_AG_SOURCE_OD_D_10A	1091	1092	0	1093	1094	0	30003	1	0	0	5	1095	0
401052	STR_AG_SOURCE_OD_D_10A	1091	1092	0	1093	1094	0	30003	1	0	0	5	1095	0
401053	STR_AG_SOURCE_OD_D_10A	1091	1092	0	1093	1094	0	30003	25	0	0	5	1095	0
401054	STR_AG_SOURCE_OD_D_10A	1091	1092	0	1093	1094	0	30003	50	0	0	5	1095	0
401055	STR_AG_SOURCE_OD_D_10A	1091	1092	0	1093	1094	0	30003	75	0	0	5	1095	0
401056	STR_AG_SOURCE_OD_D_10A	1091	1092	0	1093	1094	0	30003	75	0	0	5	1095	0
401057	STR_AG_SOURCE_OD_D_20A	1091	1096	0	1097	1094	0	30003	100	0	0	5	1098	0
401058	STR_AG_SOURCE_OD_D_20A	1091	1096	0	1097	1094	0	30003	100	0	0	5	1098	0
401059	STR_AG_SOURCE_OD_D_20A	1091	1096	0	1097	1094	0	30003	100	0	0	5	1098	0
401060	STR_AG_SOURCE_OD_D_20A	1091	1096	0	1097	1094	0	30003	125	0	0	5	1099	0
401061	STR_AG_SOURCE_OD_D_20A	1091	1096	0	1097	1094	0	30003	150	0	0	5	1100	0
401062	STR_AG_SOURCE_OD_D_20A	1091	1096	0	1097	1094	0	30003	175	0	0	5	1101	0
401063	STR_AG_SOURCE_OD_D_30A	1091	1102	0	1103	1094	30	30003	200	0	0	5	1104	0
401064	STR_AG_SOURCE_OD_D_30A	1091	1102	0	1103	1094	30	30003	200	0	0	5	1104	0
401065	STR_AG_SOURCE_OD_D_30A	1091	1102	0	1103	1094	30	30003	225	0	0	5	1105	0
401066	STR_AG_SOURCE_OD_D_30A	1091	1102	0	1103	1094	30	30003	250	0	0	5	1106	0
401067	STR_AG_SOURCE_OD_D_30A	1091	1102	0	1103	1094	30	30003	275	0	0	5	1107	0
401068	STR_AG_SOURCE_OD_D_40A	1091	1108	0	1103	1094	40	30003	300	0	0	5	1109	0
401069	STR_AG_SOURCE_OD_D_40A	1091	1108	0	1103	1094	40	30003	300	0	0	5	1109	0
401070	STR_AG_SOURCE_OD_D_40A	1091	1108	0	1103	1094	40	30003	325	0	0	5	1110	0
401071	STR_AG_SOURCE_OD_D_40A	1091	1108	0	1103	1094	40	30003	350	122001251	1	5	1111	1112
401072	STR_AG_SOURCE_OD_D_40A	1091	1108	0	1103	1094	40	30003	375	122001251	1	5	1113	1114
401073	STR_AG_SOURCE_OD_D_50A	1091	1117	1131	1118	1094	40	30003	399	169405022	2	5	1119	1120
401074	STR_AG_SOURCE_OD_D_50A	1091	1117	1131	1118	1094	50	30003	400	169405022	2	5	1119	1120
401075	STR_AG_SOURCE_OD_D_50A	1091	1117	1131	1118	1094	50	30003	425	169405022	2	5	1119	1121
401076	STR_AG_SOURCE_OD_D_50A	1091	1117	1131	1118	1094	50	30003	450	169405022	2	5	1119	1122
401077	STR_AG_SOURCE_OD_D_50A	1091	1117	1131	1118	1094	50	30003	475	169405022	2	5	1119	1123
401078	STR_AG_SOURCE_OD_D_40A	1091	1108	0	1103	1094	40	30003	375	122001251	1	5	1113	1114
401101	STR_GB_SOURCE_GMETAL_20A	886	1132	0	1133	830	0	30002	100	0	0	12	890	0
401102	STR_GB_SOURCE_GNOBLEMETAL_20A	864	1134	0	1135	830	30	30002	210	0	0	8	870	0
401103	STR_GB_SOURCE_GJEWELRY_20A	898	1136	0	1137	830	0	30002	155	0	0	6	906	0
401104	STR_GB_SOURCE_GPLANT_30A	943	1138	0	1139	830	30	30002	235	0	0	12	951	0
401105	STR_GB_SOURCE_GBERRY_30A	1003	1019	0	1020	830	30	30002	220	0	0	12	1140	0
401106	STR_GB_SOURCE_GTREE_30A	925	1141	0	1142	830	30	30002	250	0	0	12	932	0
401107	STR_GB_SOURCE_GHERB_30A	967	1143	0	1144	830	30	30002	225	0	0	12	1145	0
401108	STR_GB_SOURCE_GVEGETABLE_30A	826	1146	0	1147	830	30	30002	240	0	0	12	1148	0
401109	STR_GB_SOURCE_GJEWELRY_40A_LF2B_B	898	1136	0	1137	830	40	30002	315	0	0	6	1149	0
401110	STR_GB_SOURCE_GJEWELRY_40C_LF2B_D	898	1136	0	1137	830	40	30002	380	0	0	6	1150	0
401111	STR_GB_SOURCE_GTREE_50A_IDLF1	925	1151	0	1152	830	40	30002	300	0	0	1	1153	0
401112	STR_GB_SOURCE_GMETAL_50A_IDLF1	886	1132	0	1133	830	40	30002	399	0	0	1	1154	0
401113	STR_GB_SOURCE_GMETAL_50A	864	1155	0	1156	830	50	30002	400	0	0	12	1157	0
401114	STR_GB_SOURCE_GJEWELRY_50A	898	1158	0	1159	830	50	30002	450	0	0	6	1160	0
401115	STR_GB_SOURCE_GJEWELRY_50C	898	1158	0	1159	830	50	30002	495	0	0	6	1161	0
401116	STR_GB_SOURCE_GTREE_50A	925	1162	0	1163	830	50	30002	480	0	0	12	1164	0
401117	STR_GB_SOURCE_GPLANT_50A	943	1165	0	1166	830	50	30002	415	0	0	12	1167	0
401151	STR_GB_SOURCE_GHERB_D_20A_DF2A	967	1143	0	1144	830	0	30002	130	0	0	12	992	0
401152	STR_GB_SOURCE_GJEWELRY_D_40A_DF2B_A	898	1136	0	1137	830	40	30002	315	0	0	6	1149	0
401153	STR_GB_SOURCE_GMETAL_D_50A	864	1155	0	1156	830	50	30002	400	0	0	12	1157	0
401154	STR_GB_SOURCE_GJEWELRY_D_50A	898	1158	0	1159	830	50	30002	450	0	0	6	1160	0
401155	STR_GB_SOURCE_GJEWELRY_D_50C	898	1158	0	1159	830	50	30002	495	0	0	6	1161	0
401156	STR_GB_SOURCE_GTREE_D_50A	925	1162	0	1163	830	50	30002	410	0	0	12	1168	0
401157	STR_GB_SOURCE_GPLANT_D_50A	943	1165	0	1166	830	50	30002	470	0	0	12	1169	0
401158	STR_GB_SOURCE_AIR_GMETAL_50A	864	1170	0	1171	830	50	30002	400	169405035	2	12	1172	1172
401159	STR_GB_SOURCE_AIR_GMETAL_D_50A	864	1170	0	1171	830	50	30002	400	169405038	2	12	1173	1173
402001	STR_GB_SOURCE_AIR_METAL_50A	864	1174	0	1175	830	50	30002	400	169405035	2	3	1176	1176
402101	STR_GB_SOURCE_AIR_METAL_D_50A	864	1174	0	1175	830	50	30002	400	169405038	2	3	1177	1177
402102	STR_GB_SOURCE_AIR_METAL_D_50A	864	1174	0	1175	830	50	30002	400	169405038	2	1	1177	1177
405000	STR_GB_SOURCE_METAL_ARENA_PVP01_01	886	1132	0	1133	830	40	30002	350	0	0	1	1178	0
405001	STR_GB_SOURCE_METAL_ARENA_PVP01_02	886	1132	0	1133	830	40	30002	350	0	0	1	1179	0
408001	STR_GB_SOURCE_GTREE_50A_IDF4RE_DRANA_DOOR	925	1151	0	1152	830	50	30002	400	0	0	1	1180	0
408002	STR_GB_SOURCE_GTREE_50A_IDF4RE_DRANA_KEY	925	1181	0	1182	830	50	30002	400	0	0	1	1183	0
409000	STR_GB_SOURCE_NOBLEMETAL_40A	864	865	866	867	830	40	30002	320	0	0	32	1184	0
409001	STR_GB_SOURCE_METAL_40A	886	887	888	889	830	40	30002	300	0	0	32	1185	0
409002	STR_AG_SOURCE_OD_D_40A	1091	1108	0	1103	1094	40	30003	300	0	0	32	1186	0
409003	STR_GB_SOURCE_VEGETABLE_50C	826	843	828	844	830	50	30002	485	0	0	32	1187	0
409004	STR_GB_SOURCE_VEGETABLE_D_50C	826	843	828	844	830	50	30002	490	0	0	32	1188	0
409005	STR_GB_SOURCE_NOBLEMETAL_50C	864	875	876	877	830	50	30002	460	169405021	2	32	1189	1189
409006	STR_GB_SOURCE_METAL_50A	864	895	888	896	830	50	30002	400	0	0	32	1190	0
409007	STR_GB_SOURCE_JEWELRY_50A	898	920	900	921	830	50	30002	450	0	0	32	1191	0
409008	STR_GB_SOURCE_JEWELRY_50B	898	920	900	921	830	50	30002	420	0	0	32	1192	0
409009	STR_GB_SOURCE_JEWELRY_50C	898	920	900	921	830	50	30002	495	0	0	32	1193	0
409010	STR_GB_SOURCE_BERRY_50A	1003	1026	1008	1027	830	50	30002	435	0	0	32	1194	0
409011	STR_GB_SOURCE_BERRY_D_50A	1003	1026	1008	1027	830	50	30002	430	0	0	32	1195	0
409012	STR_AG_SOURCE_OD_50A	1091	1117	0	1118	1094	50	30003	475	169405022	2	32	1125	1125
409013	STR_AG_SOURCE_OD_40A	1091	1108	0	1103	1094	40	30003	350	122001251	1	32	1109	1196
409014	STR_AG_SOURCE_OD_40A	1091	1108	0	1103	1094	40	30003	375	122001251	1	32	1109	1197
409015	STR_GB_SOURCE_JEWELRY_40A	898	899	900	901	830	40	30002	315	122001250	1	32	1198	1199
409016	STR_GB_SOURCE_JEWELRY_40B	898	899	900	901	830	40	30002	350	122001250	1	32	1200	1201
409017	STR_GB_SOURCE_JEWELRY_40C	898	899	900	901	830	40	30002	380	122001250	1	32	1202	1203
409018	STR_GB_SOURCE_AIR_METAL_50A	864	1174	0	1175	830	50	30002	400	169405035	2	32	1204	1204
409019	STR_GB_SOURCE_AIR_METAL_D_50A	864	1174	0	1175	830	50	30002	400	169405038	2	32	1205	1205
409020	STR_GB_SOURCE_AIR_GMETAL_50A	864	1170	866	1171	830	50	30002	400	169405035	2	32	1206	1206
409021	STR_GB_SOURCE_AIR_GMETAL_D_50A	864	1170	0	1171	830	50	30002	400	169405038	2	32	1207	1207
409022	STR_GB_SOURCE_VEGETABLE_40B	826	827	828	829	830	40	30002	375	122001274	1	32	841	1208
409023	STR_GB_SOURCE_VEGETABLE_D_40B	826	853	828	829	830	40	30002	375	122001275	1	32	857	858
409024	STR_GB_SOURCE_HERB_40A	967	972	969	973	830	40	30002	365	122001274	1	32	982	1209
409025	STR_GB_SOURCE_HERB_D_40B	967	972	969	973	830	40	30002	365	122001275	1	32	997	1210
409026	STR_GB_SOURCE_BERRY_40B	1003	1010	1008	1011	830	40	30002	385	122001274	1	32	1024	1025
409027	STR_GB_SOURCE_BERRY_D_40C	1003	1036	1008	1037	830	40	30002	390	122001275	1	32	1042	1043
409028	STR_GB_SOURCE_SHELL_D_50A	1077	1078	1079	1080	830	50	30002	415	0	0	32	1089	0
409029	STR_GB_SOURCE_SHELL_D_50B	1077	1078	1079	1080	830	50	30002	465	0	0	32	1090	0
409030	STR_GB_SOURCE_SHELL_50A	1077	1078	1079	1080	830	50	30002	440	0	0	32	1084	0
409031	STR_GB_SOURCE_SHELL_50B	1077	1078	1079	1080	830	50	30002	475	0	0	32	1085	0
409032	STR_GB_SOURCE_FISH_D_50A	1046	1047	1048	1049	830	50	30002	430	0	0	32	1075	0
409033	STR_GB_SOURCE_FISH_D_50B	1046	1053	1048	1055	830	50	30002	480	0	0	32	1076	0
409034	STR_GB_SOURCE_FISH_50A	1046	1047	1048	1049	830	50	30002	445	0	0	32	1064	0
409035	STR_GB_SOURCE_FISH_50B	1046	1053	1048	1055	830	50	30002	495	0	0	32	1065	0
409036	STR_GB_SOURCE_BERRY_D_50B	1003	1026	1008	1027	830	50	30002	480	0	0	32	1045	0
409037	STR_GB_SOURCE_BERRY_50B	1003	1026	1008	1027	830	50	30002	490	0	0	32	1029	0
409038	STR_GB_SOURCE_HERB_D_50A	967	985	969	986	830	50	30002	445	0	0	32	1001	0
409039	STR_GB_SOURCE_HERB_D_50B	967	985	969	986	830	50	30002	485	0	0	32	1002	0
409040	STR_GB_SOURCE_HERB_50A	967	985	969	986	830	50	30002	430	0	0	32	987	0
409041	STR_GB_SOURCE_HERB_50B	967	985	969	986	830	50	30002	470	0	0	32	988	0
409042	STR_GB_SOURCE_PLANT_D_50A	943	953	945	954	830	50	30002	470	0	0	32	1211	0
409043	STR_GB_SOURCE_PLANT_50A	943	953	945	954	830	50	30002	415	0	0	32	1212	0
409044	STR_GB_SOURCE_TREE_D_50A	925	934	927	936	830	50	30002	410	0	0	32	1213	0
409045	STR_GB_SOURCE_TREE_50A	925	934	927	936	830	50	30002	480	0	0	32	1214	0
409046	STR_GB_SOURCE_VEGETABLE_50A	826	843	828	844	830	50	30002	410	0	0	32	845	0
409047	STR_GB_SOURCE_VEGETABLE_50B	826	843	828	844	830	50	30002	455	0	0	32	846	0
409048	STR_GB_SOURCE_VEGETABLE_D_50A	826	843	828	844	830	50	30002	425	0	0	32	861	0
409049	STR_GB_SOURCE_VEGETABLE_D_50B	826	843	828	844	830	50	30002	440	0	0	32	862	0

 