28	450	
id	name	desc	icon	itemtype	cashtype	flavor	itemlevel	playerlevel	sex	civ	spell	cd	cdid	stack	quality	tradein	price	sellnpc	deal	breakable	storage	reuse	expire	anim	vfx	sound	lambda
int	text	string	string	int	int	string	int	string	int	int	float	float	int	int	int	lambda	int	int	int	int	int	int	int	string	string	string	lambda
200000001	STR_ITEMCUSTOM_200000001	66152	66153	201	2	0	1	15033	0	3	0	1	200000001	1000	3	0	1	1	0	1	2	0	0	36650	36651	36380	66154
200000002	STR_ITEMCUSTOM_200000002	66155	30991	101	2	0	1	15033	0	3	0	1	0	1000	2	0	1	1	1	1	2	0	0	0	0	0	0
200000003	STR_ITEMCUSTOM_200000003	66156	66157	101	2	0	1	15033	0	3	0	1	0	1000	3	0	1	1	1	1	2	0	0	0	0	0	0
200000004	STR_ITEMCUSTOM_200000004	66158	66159	101	2	0	1	15033	0	3	0	1	0	1000	2	0	1	1	1	1	2	0	0	0	0	0	66160
200000005	STR_ITEMCUSTOM_200000005	66161	66162	202	2	0	1	15033	0	3	0	15	200000005	1000	3	0	1	1	0	1	2	0	0	0	0	0	66163
200000006	STR_ITEMCUSTOM_200000006	66164	66165	202	2	0	1	15033	0	3	0	15	200000006	1000	3	0	1	1	0	1	2	0	0	0	0	0	66166
200000010	STR_ITEMCUSTOM_200000010	54257	54275	212	2	0	1	15033	0	3	2	0	0	100	5	0	1	0	1	0	2	1	0	54259	0	34584	66167
200000101	STR_ITEMCUSTOM_200000101	66168	64987	211	2	0	1	15033	0	3	1	1	200000101	1000	4	0	1	0	0	1	1	0	0	35811	0	0	66169
200000110	STR_ITEMCUSTOM_200000110	66170	64987	211	2	0	1	15057	0	3	1	1	200000110	1000	4	0	1	0	0	1	1	0	0	35811	0	0	66171
200000120	STR_ITEMCUSTOM_200000120	66172	64987	211	2	0	1	15065	0	3	1	1	200000120	1000	4	0	1	0	0	1	1	0	0	35811	0	0	66173
200000130	STR_ITEMCUSTOM_200000130	66174	64987	211	2	0	1	15072	0	3	1	1	200000130	1000	4	0	1	0	0	1	1	0	0	35811	0	0	66175
200000140	STR_ITEMCUSTOM_200000140	66176	64987	211	2	0	1	15079	0	3	1	1	200000140	1000	4	0	1	0	0	1	1	0	0	35811	0	0	66177
200000150	STR_ITEMCUSTOM_200000150	66178	64987	211	2	0	1	15086	0	3	1	1	200000150	1000	4	0	1	0	0	1	1	0	0	35811	0	0	66179
200000201	STR_ITEMCUSTOM_200000201	66180	64984	211	2	0	1	15033	0	3	1	1	200000201	1000	4	0	1	0	0	1	1	0	0	35811	0	0	66181
200000202	STR_ITEMCUSTOM_200000202	66182	64987	211	2	0	1	15033	0	3	1	1	200000202	1000	4	0	1	0	0	1	1	0	0	35811	0	0	66183
200000301	STR_ITEMCUSTOM_200000301	66184	53336	203	2	0	50	15033	0	3	0	3600	24	1000	3	0	5	0	0	1	2	1	0	51937	51932	36595	66185
141000001	STR_STIGMA_SHARD	66186	66187	0	2	0	1	15033	0	3	0	0	0	10000	1	0	1	1	1	1	2	0	0	0	0	34584	0
150000001	STR_TOOLTIP_ACTIONKEY_CONVERT	0	66188	0	0	0	1	0	0	3	0	0	0	1	1	0	100	1	1	1	1	0	0	66189	0	0	0
150000002	STR_TOOL_WEAPON_CRAFTHAMMER	0	66188	0	0	0	1	0	0	3	0	0	0	1	1	0	100	1	1	1	1	0	0	66190	0	0	0
150000003	STR_TOOL_ARMOR_CRAFTHAMMER	0	66188	0	0	0	1	0	0	3	0	0	0	1	1	0	100	1	1	1	1	0	0	66190	0	0	0
150000004	STR_TOOL_HANDIWORK_CHISEL	0	66188	0	0	0	1	0	0	3	0	0	0	1	1	0	100	1	1	1	1	0	0	66190	0	0	0
150000005	STR_TOOL_ALCHEMY_SET	0	66188	0	0	0	1	0	0	3	0	0	0	1	1	0	100	1	1	1	1	0	0	66190	0	0	0
150000006	STR_TOOL_CARPENTRY_SAW	0	66188	0	0	0	1	0	0	3	0	0	0	1	1	0	100	1	1	1	1	0	0	66190	0	0	0
150000007	STR_TOOL_TAILORING_SET	0	66188	0	0	0	1	0	0	3	0	0	0	1	1	0	100	1	1	1	1	0	0	66190	0	0	0
150000008	STR_TOOL_LEATHERWORK_SET	0	66188	0	0	0	1	0	0	3	0	0	0	1	1	0	100	1	1	1	1	0	0	66190	0	0	0
150000009	STR_TOOL_OVEN	0	66188	0	0	0	1	0	0	3	0	0	0	1	1	0	100	1	1	1	1	0	0	66191	0	0	0
150000010	STR_TOOL_ARMOR_CRAFTLINE	0	66188	0	0	0	1	0	0	3	0	0	0	1	1	0	100	1	1	1	1	0	0	66192	0	0	0
150000011	STR_TOOL_WEAPON_CRAFTLINE	0	66188	0	0	0	1	0	0	3	0	0	0	1	1	0	100	1	1	1	1	0	0	66193	0	0	0
150000012	STR_TOOL_HANDIWORK_LEDGE	0	66188	0	0	0	1	0	0	3	0	0	0	1	1	0	100	1	1	1	1	0	0	66194	0	0	0
150000013	STR_TOOL_EXPERIMENLINE	0	66188	0	0	0	1	0	0	3	0	0	0	1	1	0	100	1	1	1	1	0	0	66195	0	0	0
150000014	STR_TOOL_CARPENTRY_LEDGE	0	66188	0	0	0	1	0	0	3	0	0	0	1	1	0	100	1	1	1	1	0	0	66190	0	0	0
150000015	STR_TOOL_SEWING_MACHINE	0	66188	0	0	0	1	0	0	3	0	0	0	1	1	0	100	1	1	1	1	0	0	66196	0	0	0
150000016	STR_TOOL_LEATHERWORK_LEDGE	0	66188	0	0	0	1	0	0	3	0	0	0	1	1	0	100	1	1	1	1	0	0	66190	0	0	0
150000017	STR_TOOL_OVEN	0	66188	0	0	0	1	0	0	3	0	0	0	1	1	0	100	1	1	1	1	0	0	66191	0	0	0
150000018	STR_TOOL_ARMOR_CRAFTLINE	0	66188	0	0	0	1	0	0	3	0	0	0	1	1	0	100	1	1	1	1	0	0	66192	0	0	0
150000019	STR_TOOL_WEAPON_CRAFTLINE	0	66188	0	0	0	1	0	0	3	0	0	0	1	1	0	100	1	1	1	1	0	0	66193	0	0	0
150000020	STR_TOOL_HANDIWORK_LEDGE	0	66188	0	0	0	1	0	0	3	0	0	0	1	1	0	100	1	1	1	1	0	0	66194	0	0	0
150000021	STR_TOOL_EXPERIMENLINE	0	66188	0	0	0	1	0	0	3	0	0	0	1	1	0	100	1	1	1	1	0	0	66195	0	0	0
150000022	STR_TOOL_SEWING_MACHINE	0	66188	0	0	0	1	0	0	3	0	0	0	1	1	0	100	1	1	1	1	0	0	66196	0	0	0
161001001	STR_CASH_SOULSTONE_RESURRECT_SELF_01	66197	53911	0	1	0	1	15033	0	3	0	1800	72	100	2	0	5	0	0	1	1	1	0	0	0	34584	53551
162000082	STR_POTION_HP_MP_Q_40A	66198	54027	0	0	0	40	15033	0	3	0	3600	18	1000	3	0	2000	0	0	1	1	1	0	36650	36651	53545	66199
162000083	STR_POTION_HP_MP_Q_50A	66200	54027	0	0	0	50	15033	0	3	0	3600	18	1000	3	0	3000	0	0	1	1	1	0	36650	36651	53545	66201
164000096	STR_IDLF1_BROWNIEBOMB	66202	58685	0	0	0	1	15033	0	3	5	15	61	1	1	0	5	0	0	1	1	1	0	36650	36651	34584	66203
164000099	STR_KASPA_GODSKILL_ITEM	66204	60102	0	0	0	1	15033	0	3	0	10	61	1	3	0	5	0	0	1	0	1000	0	66205	59175	34584	60103
164000100	STR_KASPA_NOFLY_BUFF_ITEM	66206	58685	0	0	0	1	15033	0	3	0	5	61	1	1	0	5	0	0	1	0	1000	0	36650	36651	34584	66207
164000103	STR_ITEM_Q_WONKIOCK_SKILL	54048	54049	0	0	0	50	15086	0	1	0	15	17	10	2	0	500000	1	0	1	0	1	0	36650	36651	34584	66208
164000104	STR_ITEM_Q_WONKIOCK_DA_SKILL	54051	54049	0	0	0	50	15086	0	2	0	15	17	10	2	0	500000	1	0	1	0	1	0	36650	36651	34584	66209
164000137	STR_KASPA_DAMAGE_ITEM	66210	54244	0	0	0	1	15033	0	3	0	10	61	1	3	0	5	0	0	1	0	1000	120	66211	66212	34584	66213
164000138	STR_KASPA_STONESKIN_ITEM	66214	54073	0	0	0	1	15033	0	3	0	60	62	1	3	0	5	0	0	1	0	1000	120	66215	66216	34584	66217
164000139	STR_KASPA_GROUPSLEEP_ITEM	66218	66219	0	0	0	1	15033	0	3	0	60	62	1	3	0	5	0	0	1	0	1000	120	66220	66221	34584	66222
164000140	STR_SKILL_IDCROMEDE_01	66223	66224	0	0	0	1	15033	0	3	0	120	63	1	3	0	5	0	0	1	0	1000	120	66220	36651	34584	66225
164000141	STR_SKILL_IDCROMEDE_02	66226	66227	0	0	0	1	15033	0	3	0	30	64	1	3	0	5	0	0	1	0	1000	120	66228	36651	34584	66229
164000142	STR_SKILL_IDCROMEDE_03	66230	66231	0	0	0	1	15033	0	3	0	300	65	1	3	0	5	0	0	1	0	1000	120	66232	36651	34584	66233
164000143	STR_SKILL_IDCROMEDE_04	66234	66235	0	0	0	1	15033	0	3	0	600	66	1	3	0	5	0	0	1	0	1000	120	66236	36651	34584	66237
164000145	STR_SKILL_IDSTATION_01	66238	66224	0	0	0	1	15033	0	3	0	3	63	1	3	0	5	0	0	1	0	1000	0	66220	36651	34584	66239
164000146	STR_SKILL_IDSTATION_02	66240	66227	0	0	0	1	15033	0	3	0	1.5	64	1	3	0	5	0	0	1	0	1000	0	66232	36651	34584	66241
164000147	STR_SKILL_IDSTATION_03	66242	66231	0	0	0	1	15033	0	3	0	1	65	1	3	0	5	0	0	1	0	1000	0	66232	36651	34584	66243
164000148	STR_SP_IDELEMENTAL_PRIME_DISPEL_BLUE	66244	54073	0	0	0	1	15033	0	3	0	1	0	1000	1	0	1	0	0	1	0	1	1	66232	66245	53545	66246
164000149	STR_SKILL_IDSTATION_04	66247	66235	0	0	0	1	15033	0	3	0	2	66	1	3	0	5	0	0	1	0	1000	0	66232	36651	34584	66248
164000150	STR_SP_IDELEMENTAL_PRIME_DISPEL_GREEN	66249	54244	0	0	0	1	15033	0	3	0	1	0	1000	1	0	1	0	0	1	0	1	1	66232	66245	53545	66250
164000151	STR_SP_IDELEMENTAL_PRIME_DISPEL_RED	66251	60102	0	0	0	1	15033	0	3	0	1	0	1000	1	0	1	0	0	1	0	1	1	66232	66245	53545	66252
164000160	STR_SKILL_L_IDARENA_01	66253	66254	0	0	0	50	15033	0	3	0	120	63	1	3	66255	5	0	0	1	0	1	0	66220	36651	53545	66256
164000161	STR_SKILL_D_IDARENA_01	66257	66254	0	0	0	50	15033	0	3	0	120	63	1	3	66255	5	0	0	1	0	1	0	66220	36651	53545	66256
164000164	STR_ITEM_IDARENA_PVP_01	66258	37012	0	0	0	55	15033	0	3	0	60	61	1	1	0	5	1	1	1	2	1	0	66211	66212	34584	66259
164000165	STR_ITEM_IDARENA_PVP_02	66260	58515	0	0	0	55	15033	0	3	0	60	61	1	1	0	5	1	1	1	2	1	0	66215	66216	34584	66261
164000166	STR_ITEM_IDARENA_PVP_03	66262	36862	0	0	0	55	15033	0	3	0	60	61	1	1	0	5	1	1	1	2	1	0	36650	36651	29262	66263
164000167	STR_ITEM_IDARENA_PVP_04	66264	36410	0	0	0	55	15033	0	3	0	60	61	1	1	0	5	1	1	1	2	1	0	36650	36651	53545	66265
164000168	STR_ITEM_IDARENA_PVP_05	66266	36400	0	0	0	55	15033	0	3	0	60	61	1	1	0	5	1	1	1	2	1	0	36650	36651	53545	66267
164000169	STR_ITEM_IDARENA_PVP_06	66268	66269	0	0	0	55	15033	0	3	0	60	61	1	1	0	5	1	1	1	2	1	0	36650	36651	36380	66270
164000170	STR_ITEM_IDARENA_PVP_02A	66271	58515	0	0	0	55	15033	0	3	0	60	61	1	1	0	5	1	1	1	2	1	0	66215	66216	34584	66261
164000171	STR_ITEM_IDARENA_PVP_04A	66272	36410	0	0	0	55	15033	0	3	0	60	61	1	1	0	5	1	1	1	2	1	0	36650	36651	53545	66265
164000172	STR_ITEM_IDARENA_PVP_05A	66273	36400	0	0	0	55	15033	0	3	0	60	61	1	1	0	5	1	1	1	2	1	0	36650	36651	53545	66267
164000173	STR_ITEM_IDARENA_PVP_06A	66274	66269	0	0	0	55	15033	0	3	0	60	61	1	1	0	5	1	1	1	2	1	0	36650	36651	36380	66270
164000174	STR_ITEM_IDARENA_PVP_01B	66275	37012	0	0	0	55	15033	0	3	0	60	61	1	1	0	5	1	1	1	2	1	0	66211	66212	34584	66259
164000175	STR_ITEM_IDARENA_PVP_02B	66276	58515	0	0	0	55	15033	0	3	0	60	61	1	1	0	5	1	1	1	2	1	0	66215	66216	34584	66261
164000176	STR_ITEM_IDARENA_PVP_03B	66277	36862	0	0	0	55	15033	0	3	0	60	61	1	1	0	5	1	1	1	2	1	0	36650	36651	29262	66263
164000177	STR_ITEM_IDARENA_PVP_04B	66278	36410	0	0	0	55	15033	0	3	0	60	61	1	1	0	5	1	1	1	2	1	0	36650	36651	53545	66265
164000178	STR_ITEM_IDARENA_PVP_05B	66279	36400	0	0	0	55	15033	0	3	0	60	61	1	1	0	5	1	1	1	2	1	0	36650	36651	53545	66267
164000179	STR_ITEM_IDARENA_PVP_06B	66280	66269	0	0	0	55	15033	0	3	0	60	61	1	1	0	5	1	1	1	2	1	0	36650	36651	36380	66270
164000180	STR_ITEM_IDARENA_PVP_02C	66281	58515	0	0	0	55	15033	0	3	0	60	61	1	1	0	5	1	1	1	2	1	0	66215	66216	34584	66261
164000181	STR_ITEM_IDARENA_PVP_04C	66282	36410	0	0	0	55	15033	0	3	0	60	61	1	1	0	5	1	1	1	2	1	0	36650	36651	53545	66265
164000182	STR_ITEM_IDARENA_PVP_05C	66283	36400	0	0	0	55	15033	0	3	0	60	61	1	1	0	5	1	1	1	2	1	0	36650	36651	53545	66267
164000183	STR_ITEM_IDARENA_PVP_06C	66284	66269	0	0	0	55	15033	0	3	0	60	61	1	1	0	5	1	1	1	2	1	0	36650	36651	36380	66270
164005001	STR_WEST_EVENT_RING_FIRE_01	66285	66286	0	1	0	1	15033	0	3	0	3600	74	1	3	0	5	0	0	1	1	1000	0	36650	36651	34584	66287
164005002	STR_WEST_EVENT_RING_WATER_01	66288	66289	0	1	0	1	15033	0	3	0	3600	74	1	3	0	5	0	0	1	1	1000	0	36650	36651	34584	66290
164005003	STR_WEST_EVENT_RING_WIND_01	66291	66292	0	1	0	1	15033	0	3	0	3600	74	1	3	0	5	0	0	1	1	1000	0	36650	36651	34584	66293
164005004	STR_WEST_EVENT_RING_EARTH_01	66294	66295	0	1	0	1	15033	0	3	0	3600	74	1	3	0	5	0	0	1	1	1000	0	36650	36651	34584	66296
164005005	STR_WEST_EVENT_RING_MAGIC_01	66297	66298	0	1	0	1	15033	0	3	0	3600	74	1	3	0	5	0	0	1	1	1000	0	36650	36651	34584	66299
164005006	STR_WEST_TEST_RING_FX_01	66300	26800	0	1	0	1	15033	0	3	0	3600	74	1	3	0	5	0	0	1	1	1000	0	36650	66301	34584	35949
164005007	STR_WEST_TEST_RING_FX_02	66302	26800	0	1	0	1	15033	0	3	0	3600	74	1	3	0	5	0	0	1	1	1000	0	36650	66303	34584	35949
164005008	STR_WEST_TEST_RING_FX_03	66304	26800	0	1	0	1	15033	0	3	0	3600	74	1	3	0	5	0	0	1	1	1000	0	36650	66305	34584	35949
164005009	STR_WEST_TEST_RING_FX_04	66306	26800	0	1	0	1	15033	0	3	0	3600	74	1	3	0	5	0	0	1	1	1000	0	36650	66307	34584	35949
165000001	STR_MATTER_EXTRACTION_01	66308	66309	0	2	0	1	15033	0	3	0	0	0	100	1	0	1000	1	1	1	2	1	0	54259	0	29262	0
167000524	STR_TEST_OPTION_01	0	54402	0	0	0	1	15033	0	3	0	0	0	10000	2	0	1	1	1	1	2	1	0	54259	0	34584	0
168100000	STR_SKIN_REMOVER	66310	55151	0	0	0	1	15033	0	3	0	0	0	1	1	0	30000	1	1	1	2	0	0	0	0	36380	66311
169300001	STR_TEST_BANDAGE_01	66312	55220	0	0	0	1	15033	0	3	0	0	0	10000	1	0	5	1	1	1	2	0	0	0	0	29262	0
169300002	STR_BANDAGE_01	66313	55220	0	0	0	1	15033	0	3	0	0	0	10000	1	0	5	1	1	1	2	0	0	0	0	29262	0
169300003	STR_FIRST_AID_10A	66314	58419	0	0	0	10	15057	0	3	0	0	0	10000	1	0	15	1	1	1	2	0	0	0	0	29262	0
169300004	STR_FIRST_AID_20A	66314	58419	0	0	0	20	15065	0	3	0	0	0	10000	1	0	30	1	1	1	2	0	0	0	0	29262	0
169300005	STR_FIRST_AID_30A	66314	58419	0	0	0	30	15072	0	3	0	0	0	10000	1	0	45	1	1	1	2	0	0	0	0	29262	0
169300006	STR_FIRST_AID_40A	66314	58419	0	0	0	40	15079	0	3	0	0	0	10000	1	0	65	1	1	1	2	0	0	0	0	29262	0
169300007	STR_FIRST_AID_50A	66314	58419	0	0	0	50	15086	0	3	0	0	0	10000	1	0	95	1	1	1	2	0	0	0	0	29262	0
169300008	STR_SEEDOFTRIFFIDS_G1	66315	54078	0	0	0	13	55912	0	3	0	0	0	10000	1	0	20	1	1	1	2	0	0	0	0	29262	0
169300009	STR_SEEDOFTRIFFIDS_G2	66316	36453	0	0	0	25	34711	0	3	0	0	0	10000	1	0	40	1	1	1	2	0	0	0	0	29262	0
169300010	STR_POISONBOTTLE_G1	66317	58525	0	0	0	16	56141	0	3	0	0	0	10000	1	0	80	1	1	1	2	0	0	0	0	36380	0
169300011	STR_PARTOFDIMENSION_G1	66318	36493	0	0	0	30	34977	0	3	0	0	0	10000	1	0	2000	1	1	1	2	0	0	0	0	34584	0
169300012	STR_SHAPE_AVATAR_COMPONENT_G1	66319	58440	0	0	0	40	15057	0	3	0	0	0	10000	1	53554	1	0	0	1	1	0	0	0	0	36370	0
169300013	STR_DIMENSIONPARTS	66320	36858	0	0	0	19	56707	0	3	0	0	0	1000	1	0	168000	1	1	1	2	0	0	0	0	34584	0
169300014	STR_ELEMENTALSTONE	66321	53934	0	0	0	10	56858	0	3	0	0	0	1000	1	0	6624	1	1	1	2	0	0	0	0	34584	0
169300015	STR_SEEDOFTRIFFIDS_G3	66322	36608	0	0	0	34	34733	0	3	0	0	0	1000	1	0	270	1	1	1	2	0	0	0	0	29262	0
169300016	STR_SEEDOFTRIFFIDS_G4	66323	36608	0	0	0	44	34760	0	3	0	0	0	1000	1	0	430	1	1	1	2	0	0	0	0	29262	0
169400001	STR_WS_HARDENER_10A	66324	58525	0	0	0	10	15033	0	3	0	0	0	100	1	0	335	1	1	1	2	0	0	0	0	36380	0
169400002	STR_WS_FLINT_10A	66325	58414	0	0	0	10	15033	0	3	0	0	0	100	1	0	335	1	1	1	2	0	0	0	0	36370	0
169400003	STR_WS_REGENT_N_C_15A	66326	53934	0	0	0	10	15033	0	3	0	0	0	100	1	0	1	1	0	1	1	0	0	0	0	34584	0
169400004	STR_WS_REGENT_N_C_15B	66327	53934	0	0	0	10	15033	0	3	0	0	0	100	1	0	1	1	0	1	1	0	0	0	0	34584	0
169400005	STR_HARDENER_01A	66328	58525	0	0	0	10	15033	0	3	0	0	0	100	1	0	335	1	1	1	2	0	0	0	0	36380	0
169400006	STR_GLUE_01A	66329	54879	0	0	0	10	15033	0	3	0	0	0	100	1	0	335	1	1	1	2	0	0	0	0	29262	0
169400007	STR_LUBRICANT_01A	66330	58525	0	0	0	10	15033	0	3	0	0	0	100	1	0	335	1	1	1	2	0	0	0	0	36380	0
169400008	STR_SPIRIT_NEEDLE	66331	53934	0	0	0	10	15033	0	3	0	0	0	100	1	0	335	1	1	1	2	0	0	0	0	34584	0
169400009	STR_SPIRIT_SWORD	66332	53934	0	0	0	10	15033	0	3	0	0	0	100	1	0	335	1	1	1	2	0	0	0	0	34584	0
169405026	STR_MATERIAL_GROUND_S_54A	66333	36501	0	0	0	55	15033	0	3	0	0	0	1000	3	0	14000	1	1	1	2	0	0	0	0	29262	0
169405027	STR_MATERIAL_GROUND_S_54B	66334	36463	0	0	0	55	15033	0	3	0	0	0	1000	3	0	14000	1	1	1	2	0	0	0	0	29262	0
169405028	STR_MATERIAL_EPIC_S_55A	66335	62988	0	0	0	55	15033	0	3	0	0	0	1000	1	0	3480000	1	0	1	1	0	0	0	0	29262	0
169405029	STR_MATERIAL_EPIC_S_55B	66336	66337	0	0	0	55	15033	0	3	0	0	0	1000	1	0	2960000	1	0	1	1	0	0	0	0	29262	0
169405030	STR_MATERIAL_EPIC_S_55C	66338	62982	0	0	0	55	15033	0	3	0	0	0	1000	1	0	2960000	1	0	1	1	0	0	0	0	29262	0
169405031	STR_EPIC_MATERIAL_01	66339	62988	0	0	0	55	15033	0	3	0	0	0	1000	1	0	480000	1	0	1	1	0	0	0	0	29262	0
169405032	STR_EPIC_MATERIAL_02	66340	66337	0	0	0	55	15033	0	3	0	0	0	1000	1	0	480000	1	0	1	1	0	0	0	0	29262	0
169405033	STR_EPIC_MATERIAL_03	66341	62982	0	0	0	55	15033	0	3	0	0	0	1000	1	0	480000	1	0	1	1	0	0	0	0	29262	0
169405034	STR_EPIC_MATERIAL_04	66342	62986	0	0	0	55	15033	0	3	0	0	0	1000	1	0	480000	1	0	1	1	0	0	0	0	29262	0
169405035	STR_WINDPASS_GATHERINGB_CHECKITEM_01	66343	55176	0	0	0	50	15033	0	1	0	0	0	1000	1	0	2000	1	0	1	1	0	0	0	0	36370	0
169405036	STR_WINDPASS_GATHERINGB_CHECKITEM_02	66344	66345	0	0	0	50	15033	0	3	0	0	0	1000	1	0	1	1	1	1	2	0	0	0	0	36370	0
169405037	STR_WINDPASS_GATHERINGB_CHECKITEM_03	66346	55249	0	0	0	50	15033	0	3	0	0	0	1000	1	0	1	1	1	1	2	0	0	0	0	29262	0
169405038	STR_WINDPASS_GATHERINGB_CHECKITEM_D_01	66347	55176	0	0	0	50	15033	0	2	0	0	0	1000	1	0	2000	1	0	1	1	0	0	0	0	36370	0
169405039	STR_WINDPASS_GATHERINGB_CHECKITEM_D_02	66348	66345	0	0	0	50	15033	0	3	0	0	0	1000	1	0	1	1	1	1	2	0	0	0	0	36370	0
169405040	STR_WINDPASS_GATHERINGB_CHECKITEM_D_03	66349	55249	0	0	0	50	15033	0	3	0	0	0	1000	1	0	1	1	1	1	2	0	0	0	0	29262	0
169620000	STR_CASH_XPBOOST_01	66350	59348	0	1	0	1	15033	0	3	0	36000	71	100	1	0	1	0	0	1	1	1	0	36650	36651	29262	66351
169620001	STR_EVENT_XPBOOST_01	66352	59348	0	1	0	1	15033	0	3	0	36000	71	100	1	0	1	0	0	1	1	1	0	36650	36651	29262	66351
169620002	STR_EVENT_XPBOOST_02	66353	59348	0	1	0	1	15033	0	3	0	18000	71	100	1	0	5	0	0	1	1	1	0	36650	36651	29262	66351
169620003	STR_WORLD_EVENT_HALLOWEEN_XPBOOST_01	66354	59348	0	2	0	1	15033	0	3	0	36000	71	100	1	0	5	0	0	1	1	1	0	36650	36651	29262	66351
169620004	STR_CASH_XPBOOST_02	66355	59348	0	2	0	1	15033	0	3	0	18000	71	100	1	0	5	1	1	1	2	1	0	36650	36651	29262	66356
169620005	STR_EVENT_XPBOOST_03	66357	59348	0	1	0	1	15033	0	3	0	14400	71	100	1	0	5	1	0	1	1	1	0	36650	36651	29262	66356
169620006	STR_WORLD_CASH_XPBOOST_01	66358	59348	0	1	0	1	15033	0	3	0	36000	71	100	1	0	5	0	0	1	1	1	0	36650	36651	29262	66359
169620007	STR_WORLD_CASH_XPBOOST_02	66360	59348	0	1	0	1	15033	0	3	0	36000	71	100	1	0	5	0	0	1	1	1	0	36650	36651	29262	66361
169620008	STR_CASH_XPBOOST_04	66362	59348	0	2	0	1	15033	0	3	0	10800	71	100	1	0	5	1	1	1	2	1	0	36650	36651	29262	66363
169620009	STR_WORLD_EVENT_HALLOWEEN_XPBOOST_02	66364	59348	0	2	0	1	15033	0	3	0	36000	71	100	1	0	5	0	1	1	2	1	0	36650	36651	29262	66351
169620010	STR_WORLD_CASH_XPBOOST_03	66365	59348	0	2	0	1	15033	0	3	0	3600	71	100	1	0	5	0	0	1	1	1	0	36650	36651	29262	66366
169620011	STR_WORLD_CASH_XPBOOST_04	66367	59348	0	2	0	1	15033	0	3	0	36000	71	100	1	0	5	0	0	1	1	1	0	36650	36651	29262	66368
169620012	STR_WORLD_CASH_XPBOOST_05	66369	59348	0	2	0	1	15033	0	3	0	36000	71	100	1	0	5	0	0	1	1	1	0	36650	36651	29262	66370
169620013	STR_EVENT_XPBOOST_GM01	66371	36105	0	2	0	1	15033	0	3	0	36000	71	100	1	0	5	1	0	1	1	1	0	36650	36651	29262	66351
169620014	STR_WORLD_CASH_XPBOOST_06	66372	59348	0	1	0	1	15033	0	3	0	3600	71	100	1	0	5	0	0	1	1	1	0	36650	36651	29262	66366
169620015	STR_WORLD_CASH_XPBOOST_07	66373	59348	0	1	0	1	15033	0	3	0	3600	71	100	1	0	5	0	0	1	1	1	0	36650	36651	29262	66374
169621000	STR_CASH_XPBOOST_01_PCBANG	66375	59348	0	1	0	1	15033	0	3	0	18000	71	100	1	0	1	0	0	1	1	1	0	36650	36651	29262	66351
169621001	STR_XPBOOST_LIGHT_20	66376	59348	0	0	0	20	15033	0	3	0	7200	73	100	1	0	5	1	0	1	1	1	0	36650	36651	29262	66356
169621002	STR_XPBOOST_LIGHT_30	66377	59348	0	0	0	30	15033	0	3	0	14400	74	100	1	0	5	1	0	1	1	1	0	36650	36651	29262	66356
169621003	STR_XPBOOST_LIGHT_40	66378	59348	0	0	0	40	15033	0	3	0	28800	75	100	1	0	5	1	0	1	1	1	0	36650	36651	29262	66356
169621004	STR_XPBOOST_LIGHT_50	66379	59348	0	0	0	50	15033	0	3	0	36000	76	100	1	0	5	1	0	1	1	1	0	36650	36651	29262	66356
169621005	STR_XPBOOST_DARK_20	66380	59348	0	0	0	20	15033	0	3	0	7200	73	100	1	0	5	1	0	1	1	1	0	36650	36651	29262	66356
169621006	STR_XPBOOST_DARK_30	66381	59348	0	0	0	30	15033	0	3	0	14400	74	100	1	0	5	1	0	1	1	1	0	36650	36651	29262	66356
169621007	STR_XPBOOST_DARK_40	66382	59348	0	0	0	40	15033	0	3	0	28800	75	100	1	0	5	1	0	1	1	1	0	36650	36651	29262	66356
169621008	STR_XPBOOST_DARK_50	66383	59348	0	0	0	50	15033	0	3	0	36000	76	100	1	0	5	1	0	1	1	1	0	36650	36651	29262	66356
169621009	STR_XPBOOST_LIGHT_20	66376	59348	0	0	0	20	15033	0	3	0	72	73	100	1	0	5	1	0	1	1	1	0	36650	36651	29262	66356
169621010	STR_XPBOOST_LIGHT_30	66377	59348	0	0	0	30	15033	0	3	0	144	74	100	1	0	5	1	0	1	1	1	0	36650	36651	29262	66356
169621011	STR_XPBOOST_LIGHT_40	66378	59348	0	0	0	40	15033	0	3	0	288	75	100	1	0	5	1	0	1	1	1	0	36650	36651	29262	66356
169621012	STR_XPBOOST_LIGHT_50	66379	59348	0	0	0	50	15033	0	3	0	360	76	100	1	0	5	1	0	1	1	1	0	36650	36651	29262	66356
169621013	STR_XPBOOST_DARK_20	66380	59348	0	0	0	20	15033	0	3	0	72	73	100	1	0	5	1	0	1	1	1	0	36650	36651	29262	66356
169621014	STR_XPBOOST_DARK_30	66381	59348	0	0	0	30	15033	0	3	0	144	74	100	1	0	5	1	0	1	1	1	0	36650	36651	29262	66356
169621015	STR_XPBOOST_DARK_40	66382	59348	0	0	0	40	15033	0	3	0	288	75	100	1	0	5	1	0	1	1	1	0	36650	36651	29262	66356
169621016	STR_XPBOOST_DARK_50	66383	59348	0	0	0	50	15033	0	3	0	360	76	100	1	0	5	1	0	1	1	1	0	36650	36651	29262	66356
169621017	STR_QUEST_XPBOOST_LIGHT_40	66384	59348	0	0	0	40	15033	0	3	0	36000	75	100	1	0	5	1	0	1	1	1	0	36650	36651	29262	66385
169621018	STR_QUEST_XPBOOST_LIGHT_50	66386	59348	0	0	0	50	15033	0	3	0	36000	76	100	1	0	5	1	0	1	1	1	0	36650	36651	29262	66385
169621019	STR_QUEST_XPBOOST_LIGHT_60	66387	59348	0	0	0	60	15033	0	3	0	36000	77	100	1	0	5	1	0	1	1	1	0	36650	36651	29262	66385
169621020	STR_QUEST_XPBOOST_DARK_40	66388	59348	0	0	0	40	15033	0	3	0	36000	75	100	1	0	5	1	0	1	1	1	0	36650	36651	29262	66385
169621021	STR_QUEST_XPBOOST_DARK_50	66389	59348	0	0	0	50	15033	0	3	0	36000	76	100	1	0	5	1	0	1	1	1	0	36650	36651	29262	66385
169621022	STR_QUEST_XPBOOST_DARK_60	66390	59348	0	0	0	60	15033	0	3	0	36000	77	100	1	0	5	1	0	1	1	1	0	36650	36651	29262	66385
169625006	STR_QUEST_XPDRBOOST_LIGHT_20	66391	59348	0	0	0	20	15033	0	3	0	36000	78	100	1	0	5	1	0	1	1	1	0	36650	36651	29262	66392
169625007	STR_QUEST_XPDRBOOST_LIGHT_30	66393	59348	0	0	0	30	15033	0	3	0	36000	78	100	1	0	5	1	0	1	1	1	0	36650	36651	29262	66392
169625008	STR_QUEST_XPDRBOOST_LIGHT_40	66394	59348	0	0	0	40	15033	0	3	0	36000	78	100	1	0	5	1	0	1	1	1	0	36650	36651	29262	66392
169625009	STR_QUEST_XPDRBOOST_LIGHT_50	66395	59348	0	0	0	50	15033	0	3	0	36000	78	100	1	0	5	1	0	1	1	1	0	36650	36651	29262	66392
169625010	STR_QUEST_XPDRBOOST_LIGHT_60	66396	59348	0	0	0	60	15033	0	3	0	36000	78	100	1	0	5	1	0	1	1	1	0	36650	36651	29262	66392
169625011	STR_QUEST_XPDRBOOST_DARK_20	66397	59348	0	0	0	20	15033	0	3	0	36000	78	100	1	0	5	1	0	1	1	1	0	36650	36651	29262	66392
169625012	STR_QUEST_XPDRBOOST_DARK_30	66398	59348	0	0	0	30	15033	0	3	0	36000	78	100	1	0	5	1	0	1	1	1	0	36650	36651	29262	66392
169625013	STR_QUEST_XPDRBOOST_DARK_40	66399	59348	0	0	0	40	15033	0	3	0	36000	78	100	1	0	5	1	0	1	1	1	0	36650	36651	29262	66392
169625014	STR_QUEST_XPDRBOOST_DARK_50	66400	59348	0	0	0	50	15033	0	3	0	36000	78	100	1	0	5	1	0	1	1	1	0	36650	36651	29262	66392
169625015	STR_QUEST_XPDRBOOST_DARK_60	66401	59348	0	0	0	60	15033	0	3	0	36000	78	100	1	0	5	1	0	1	1	1	0	36650	36651	29262	66392
169625016	STR_DRBOOST_LIGHT_01	66402	59348	0	0	0	60	15033	0	3	0	3600	79	100	1	66403	5	1	0	1	1	1	0	36650	36651	29262	66404
169625017	STR_DRBOOST_DARK_01	66405	59348	0	0	0	60	15033	0	3	0	3600	79	100	1	66406	5	1	0	1	1	1	0	36650	36651	29262	66404
169629000	STR_EVENT_DRBOOST_GM01	66407	36105	0	2	0	1	15033	0	3	0	36000	79	100	1	0	5	1	0	1	1	1	0	36650	36651	29262	66408
169630000	STR_CASH_EXTEND_CUBE_01	66409	66410	0	1	0	1	15033	0	3	0	0	0	1	1	0	1	0	0	1	1	1	0	36650	36651	29262	66411
169630001	STR_EVENT_EXTEND_CUBE_01	66412	66410	0	1	0	1	15033	0	3	0	0	0	1	1	0	10000	0	0	1	1	1	0	36650	36651	29262	66411
169630002	STR_EVENT_EXTEND_CUBE_02	66413	66410	0	1	0	1	15033	0	3	0	0	0	1	1	0	1	0	0	1	1	1	0	36650	36651	29262	66414
169640000	STR_CASH_EXTEND_WAREHOUSE_01	66415	66416	0	1	0	1	15033	0	3	0	0	0	1	1	0	1	0	0	1	1	1	0	36650	36651	29262	66417
169640001	STR_EVENT_EXTEND_WAREHOUSE_01	66418	66416	0	1	0	1	15033	0	3	0	0	0	1	1	0	10000	0	0	1	1	1	0	36650	36651	29262	66419
169640002	STR_CASH_EXTEND_WAREHOUSE_02	66420	66416	0	1	0	1	15033	0	3	0	0	0	1	1	0	5	0	0	1	1	1	0	36650	36651	29262	66419
169640003	STR_WORLD_CASH_EXTEND_WAREHOUSE_02	66421	66416	0	1	0	1	15033	0	3	0	0	0	1	1	0	5	0	0	1	1	1	0	36650	36651	29262	66419
169650000	STR_CASH_COUPON_CUSTOMIZE_01	66422	57962	0	1	0	1	15033	0	3	0	0	0	1	1	0	5	0	0	1	1	0	0	0	0	53545	66423
169650001	STR_EVENT_COUPON_CUSTOMIZE_01	66424	57962	0	1	0	1	15033	0	3	0	0	0	1	1	0	10000	0	0	1	1	0	0	0	0	53545	66423
169650002	STR_CASH_COUPON_CUSTOMIZE_02	66425	57962	0	1	0	1	15033	0	3	0	0	0	1	1	0	5	0	0	1	1	0	0	0	0	53545	66423
169650003	STR_WORLD_CASH_COUPON_CUSTOMIZE_02	66426	57962	0	1	0	1	15033	0	3	0	0	0	1	1	0	5	0	0	1	1	0	0	0	0	53545	66423
169660000	STR_CASH_COUPON_SEX_EXCHANGE_01	66427	66428	0	1	0	1	15033	0	3	0	0	0	1	1	0	5	0	0	1	1	0	0	0	0	53545	66429
169660001	STR_EVENT_COUPON_SEX_EXCHANGE_01	66430	66428	0	1	0	1	15033	0	3	0	0	0	1	1	0	10000	0	0	1	1	0	0	0	0	53545	66429
169670000	STR_CASH_CHANGE_CHARACTER_NAME_01	66431	65854	0	1	0	1	15033	0	3	0	0	0	1	1	0	5	0	0	1	1	0	0	0	0	53545	66432
169670001	STR_EVENT_CHANGE_CHARACTER_NAME_01	66433	65854	0	1	0	1	15033	0	3	0	0	0	1	1	0	10000	0	0	1	1	0	0	0	0	53545	66432
169680000	STR_CASH_CHANGE_LEGION_NAME_01	66434	66435	0	1	0	1	15033	0	3	0	0	0	1	1	0	5	0	0	1	1	0	0	0	0	53545	66436
169680001	STR_EVENT_CHANGE_LEGION_NAME_01	66437	66435	0	1	0	1	15033	0	3	0	0	0	1	1	0	10000	0	0	1	1	0	0	0	0	53545	66436
169690001	STR_TEST_CASH_COUPON_COSMETICITEM_01	66438	66410	0	1	0	1	15033	0	3	0	0	0	1	1	0	5	0	0	1	1	0	0	0	0	53545	0
170000000	STR_ITEM_FURNITURE_BED_TEST_01	0	37329	0	0	0	1	15033	0	3	0	0	91	100	1	0	5	1	1	1	2	1000	0	36650	36651	53545	35949
170000001	STR_ITEM_FURNITURE_CHAIR_NORMAL_4P_01	0	37329	0	0	0	1	15033	0	3	0	0	91	100	1	0	5	1	1	1	2	1000	0	36650	36651	53545	35949
170000002	STR_ITEM_FURNITURE_CHAIR_THRONE_01	0	37329	0	0	0	1	15033	0	3	0	0	91	100	1	0	5	1	1	1	2	1000	0	36650	36651	53545	35949
170000003	STR_ITEM_FURNITURE_TABLE_ROUND_6P_01	0	37329	0	0	0	1	15033	0	3	0	0	91	100	1	0	5	1	1	1	2	1000	0	36650	36651	53545	35949
170000004	STR_ITEM_FURNITURE_TABLE_BOOKCASE_01	0	37329	0	0	0	1	15033	0	3	0	0	91	100	1	0	5	1	1	1	2	1000	0	36650	36651	53545	35949
170000005	STR_ITEM_FURNITURE_FRAME_LANDSCAPE_01	0	37329	0	0	0	1	15033	0	3	0	0	91	100	1	0	5	1	1	1	2	1000	0	36650	36651	53545	35949
170000006	STR_ITEM_FURNITURE_CARPET_NORMAL_01	0	37329	0	0	0	1	15033	0	3	0	0	91	100	1	0	5	1	1	1	2	1000	0	36650	36651	53545	35949
170000007	STR_ITEM_FURNITURE_LIGHTING_STAND_01	0	37329	0	0	0	1	15033	0	3	0	0	91	100	1	0	5	1	1	1	2	1000	0	36650	36651	53545	35949
170000008	STR_ITEM_FURNITURE_LIGHTING_CANDLE_02	0	37329	0	0	0	1	15033	0	3	0	0	91	100	1	0	5	1	1	1	2	1000	0	36650	36651	53545	35949
170000009	STR_ITEM_FURNITURE_STATUE_CHERUBIM_01	0	37329	0	0	0	1	15033	0	3	0	0	91	100	1	0	5	1	1	1	2	1000	0	36650	36651	53545	35949
170000010	STR_ITEM_FURNITURE_STOVE_NORMAL_01	0	37329	0	0	0	1	15033	0	3	0	0	91	100	1	0	5	1	1	1	2	1000	0	36650	36651	53545	35949
170000011	STR_ITEM_FURNITURE_SPA_NORMAL_01	0	37329	0	0	0	1	15033	0	3	0	0	91	100	1	0	5	1	1	1	2	1000	0	36650	36651	53545	35949
170000012	STR_ITEM_FURNITURE_PARTITION_NORMAL_01	0	37329	0	0	0	1	15033	0	3	0	0	91	100	1	0	5	1	1	1	2	1000	0	36650	36651	53545	35949
170000013	STR_ITEM_FURNITURE_DECORATION_FLOWERPOT_01	0	37329	0	0	0	1	15033	0	3	0	0	91	100	1	0	5	1	1	1	2	1000	0	36650	36651	53545	35949
170000014	STR_ITEM_FURNITURE_DECORATION_CRISTMAS_TREE_01	0	37329	0	0	0	1	15033	0	3	0	0	91	100	1	0	5	1	1	1	2	1000	0	36650	36651	53545	35949
170000015	STR_ITEM_FURNITURE_DECORATION_DRUM_01	0	37329	0	0	0	1	15033	0	3	0	0	91	100	1	0	5	1	1	1	2	1000	0	36650	36651	53545	35949
170000016	STR_ITEM_FURNITURE_DECORATION_DRUM_02	0	37329	0	0	0	1	15033	0	3	0	0	91	100	1	0	5	1	1	1	2	1000	0	36650	36651	53545	35949
170000017	STR_ITEM_FURNITURE_DECORATION_DART_01	0	37329	0	0	0	1	15033	0	3	0	0	91	100	1	0	5	1	1	1	2	1000	0	36650	36651	53545	35949
170000018	STR_ITEM_FURNITURE_DECORATION_PHONOGRAPH_01	0	37329	0	0	0	1	15033	0	3	0	0	91	100	1	0	5	1	1	1	2	1000	0	36650	36651	53545	35949
170000019	STR_ITEM_FURNITURE_BOOK_ELISIUM_01	0	37329	0	0	0	1	15033	0	3	0	0	91	100	1	0	5	1	1	1	2	1000	0	36650	36651	53545	35949
170000020	STR_ITEM_FURNITURE_CURTAIN_SILK_01	0	37329	0	0	0	1	15033	0	3	0	0	91	100	1	0	5	1	1	1	2	1000	0	36650	36651	53545	35949
170000021	STR_ITEM_FURNITURE_CUSHION_NORMAL_01	0	37329	0	0	0	1	15033	0	3	0	0	91	100	1	0	5	1	1	1	2	1000	0	36650	36651	53545	35949
170000022	STR_ITEM_FURNITURE_CUSHION_NORMAL_03	0	37329	0	0	0	1	15033	0	3	0	0	91	100	1	0	5	1	1	1	2	1000	0	36650	36651	53545	35949
181000001	STR_JUNK_Q_03	66439	58431	0	0	0	3	15033	0	3	0	0	0	1	1	0	75	1	1	1	2	0	0	0	0	29262	0
182000351	STR_JUNK_Q_05A	66440	54202	0	0	25130	5	15033	0	3	0	0	0	1000	1	0	100	1	1	1	2	0	0	0	0	61062	0
182000352	STR_JUNK_Q_07A	66441	58424	0	0	25130	7	15033	0	3	0	0	0	1000	1	0	200	1	1	1	2	0	0	0	0	29262	0
182000557	STR_JUNK_D_Q_07A	66442	36792	0	0	25130	7	15033	0	3	0	0	0	1000	1	0	3000	1	1	1	2	0	0	0	0	29262	0
182000558	STR_JUNK_D_Q_05A	66443	30742	0	0	25130	5	15033	0	3	0	0	0	1000	1	0	100	1	1	1	2	0	0	0	0	29262	0
182000559	STR_JUNK_D_Q_05B	66444	30742	0	0	25130	5	15033	0	3	0	0	0	1000	1	0	250	1	1	1	2	0	0	0	0	29262	0
182000560	STR_JUNK_D_Q_05C	66445	30742	0	0	25130	5	15033	0	3	0	0	0	1000	1	0	500	1	1	1	2	0	0	0	0	29262	0
182000563	STR_JUNK_CBT_01A	66446	53968	0	0	25130	1	15033	0	3	0	0	0	1000	1	0	1	0	0	1	1	0	0	0	0	29262	0
182000564	STR_JUNK_Q_16A	66447	32921	0	0	25130	16	15033	0	3	0	0	0	1000	1	0	3000	1	1	1	2	0	0	0	0	29262	0
182000565	STR_JUNK_Q_IDSTATION	66448	36628	0	0	25130	50	15033	0	3	0	0	0	1000	1	0	3000	1	1	1	2	0	0	0	0	29262	0
182006281	STR_JUNK_KAISINEL_REWARD_01A	66449	66450	0	0	25130	60	15033	0	3	0	0	0	1000	4	0	500000	1	0	1	1	0	0	0	0	36249	0
182006282	STR_JUNK_MARCUTAN_REWARD_01A	66451	66450	0	0	25130	60	15033	0	3	0	0	0	1000	4	0	500000	1	0	1	1	0	0	0	0	36249	0
182006375	STR_CASH_JUNK_FEED_01	66452	66453	0	2	66454	10	15033	0	3	0	0	0	1000	2	0	5	0	0	1	1	0	0	0	0	36249	0
182006376	STR_CASH_JUNK_FEED_02	66455	66456	0	2	66457	20	15033	0	3	0	0	0	1000	2	0	5	0	0	1	1	0	0	0	0	36249	0
182006377	STR_CASH_JUNK_FEED_03	66458	66459	0	2	66460	30	15033	0	3	0	0	0	1000	2	0	5	0	0	1	1	0	0	0	0	36249	0
182006406	STR_TEST_PARTY_DROP_COMMON	0	36361	0	0	0	60	15033	0	3	0	0	0	1000	1	0	9100	1	1	1	2	0	0	0	0	36249	0
182006407	STR_TEST_PARTY_DROP_RARE	0	36361	0	0	0	60	15033	0	3	0	0	0	1000	2	0	9100	1	1	1	2	0	0	0	0	36249	0
182006408	STR_TEST_PARTY_DROP_LEGEND	0	36361	0	0	0	60	15033	0	3	0	0	0	1000	3	0	9100	1	1	1	2	0	0	0	0	36249	0
182006409	STR_TEST_PARTY_DROP_UNIQUE	0	36361	0	0	0	60	15033	0	3	0	0	0	1000	4	0	9100	1	1	1	2	0	0	0	0	36249	0
182006410	STR_TEST_PARTY_DROP_EPIC	0	36361	0	0	0	60	15033	0	3	0	0	0	1000	5	0	9100	1	1	1	2	0	0	0	0	36249	0
182006411	STR_TEST_PARTY_DROP_MYTHIC	0	36361	0	0	0	60	15033	0	3	0	0	0	1000	6	0	9100	1	1	1	2	0	0	0	0	36249	0
182006413	STR_JUNK_FEED_ALL_PET_10	66461	59014	0	0	66462	10	15033	0	3	0	0	0	1000	1	0	1200	1	1	1	2	0	0	0	0	36249	0
182006414	STR_JUNK_FEED_ALL_PET_20	66463	55235	0	0	66462	20	15033	0	3	0	0	0	1000	1	0	3000	1	1	1	2	0	0	0	0	36249	0
182006415	STR_JUNK_FEED_ALL_PET_30	66464	58811	0	0	66462	30	15033	0	3	0	0	0	1000	1	0	5600	1	1	1	2	0	0	0	0	36249	0
182006416	STR_JUNK_FEED_ALL_PET_40	66465	59291	0	0	66462	40	15033	0	3	0	0	0	1000	1	0	9000	1	1	1	2	0	0	0	0	36249	0
182006417	STR_JUNK_FEED_ALL_PET_50	66466	60287	0	0	66462	50	15033	0	3	0	0	0	1000	1	0	13200	1	1	1	2	0	0	0	0	36249	0
182006418	STR_JUNK_FEED_ALL_PET_60	66467	58605	0	0	66468	60	15033	0	3	0	0	0	1000	1	0	18200	1	1	1	2	0	0	0	0	36249	0
182006429	STR_JUNK_FEED_BBOBI_PET_01	66469	53238	0	2	66470	1	15033	0	3	0	0	0	1000	1	0	1	0	0	1	1	0	0	0	0	36249	0
182006430	STR_JUNK_FEED_BBOBI_PET_02	66471	53235	0	2	66472	1	15033	0	3	0	0	0	1000	1	0	1	0	0	1	1	0	0	0	0	36249	0
182006431	STR_JUNK_FEED_BBOBI_PET_03	66473	53294	0	2	66474	1	15033	0	3	0	0	0	1000	1	0	1	0	0	1	1	0	0	0	0	36249	0
182400002	STR_TESTBALL	0	34580	0	0	0	1	15033	0	3	0	0	0	1	1	0	1	1	1	1	2	0	0	0	0	29262	0
186000011	STR_JUNK_K_S_13D	66475	54230	0	0	0	13	15033	0	3	0	0	0	1000	1	0	200	1	1	1	2	0	0	0	0	29262	0
186000012	STR_JUNK_L_S_16D	66476	36594	0	0	0	16	15033	0	3	0	0	0	1000	1	0	300	1	1	1	2	0	0	0	0	29262	0
186000013	STR_JUNK_V_S_11D	66477	54230	0	0	0	11	15033	0	3	0	0	0	1000	1	0	200	1	1	1	2	0	0	0	0	29262	0
186000014	STR_JUNK_QUEST_04A	66478	55230	0	0	0	15	15033	0	3	0	0	0	1000	1	0	800	1	1	1	2	0	0	0	0	36249	0
186000022	STR_JUNK_ARMOR_PARTS_SHOES_LIGHT	0	54230	0	0	0	50	15033	0	3	0	0	0	1000	2	0	2000	1	0	1	1	0	0	0	0	29262	0
186000023	STR_JUNK_ARMOR_PARTS_TORSO_DARK	0	54230	0	0	0	50	15033	0	3	0	0	0	1000	2	0	2000	1	0	1	1	0	0	0	0	29262	0
186000024	STR_JUNK_ARMOR_PARTS_PANTS_DARK	0	54230	0	0	0	50	15033	0	3	0	0	0	1000	2	0	2000	1	0	1	1	0	0	0	0	29262	0
186000025	STR_JUNK_ARMOR_PARTS_SHOULDER_DARK	0	54230	0	0	0	50	15033	0	3	0	0	0	1000	2	0	2000	1	0	1	1	0	0	0	0	29262	0
186000026	STR_JUNK_ARMOR_PARTS_GLOVE_DARK	0	54230	0	0	0	50	15033	0	3	0	0	0	1000	2	0	2000	1	0	1	1	0	0	0	0	29262	0
186000027	STR_JUNK_ARMOR_PARTS_SHOES_DARK	0	54230	0	0	0	50	15033	0	3	0	0	0	1000	2	0	2000	1	0	1	1	0	0	0	0	29262	0
186000028	STR_JUNK_ARMOR_PARTS_TOKEN_LIGHT	66479	36429	0	0	0	40	15033	0	3	0	0	0	1000	1	0	1000	1	1	1	2	0	0	0	0	36249	0
186000029	STR_JUNK_ARMOR_PARTS_TOKEN_DARK	66480	58645	0	0	0	40	15033	0	3	0	0	0	1000	1	0	1000	1	1	1	2	0	0	0	0	36249	0
186000032	STR_JUNK_MASTER_RECIPE_QUEST_40A	66481	36507	0	0	0	40	15033	0	3	0	0	0	100	2	0	5000	1	1	1	2	0	0	0	0	29262	0
186000033	STR_JUNK_MASTER_RECIPE_QUEST_50A	66482	58479	0	0	0	50	15033	0	3	0	0	0	100	2	0	10000	1	1	1	2	0	0	0	0	29262	0
186000034	STR_JUNK_DRAUPNIR_QUEST_01	66483	59132	0	0	0	45	15033	0	3	0	0	0	1000	2	0	2000	1	0	1	1	0	0	0	0	36249	0
186000035	STR_JUNK_DRAUPNIR_QUEST_02	66484	36591	0	0	0	45	15033	0	3	0	0	0	1000	2	0	2000	1	0	1	1	0	0	0	0	36249	0
186000036	STR_JUNK_DRAUPNIR_QUEST_03	66485	36949	0	0	0	45	15033	0	3	0	0	0	1000	2	0	2000	1	0	1	1	0	0	0	0	36249	0
186000037	STR_JUNK_REDEEM_JEWELRY_01A	66486	35946	0	0	0	40	15033	0	3	0	0	0	1000	1	0	5	1	1	1	2	0	0	0	0	58826	0
186000038	STR_JUNK_D_REDEEM_JEWELRY_01A	66487	66488	0	0	0	40	15033	0	3	0	0	0	1000	1	0	5	1	1	1	2	0	0	0	0	58826	0
186000039	STR_RELIC_ARMOR_30	66489	53911	0	0	0	30	15033	0	3	0	0	0	100	3	0	80000	1	1	1	2	0	0	0	0	29262	0
186000040	STR_RELIC_WEAPON_30	66490	53906	0	0	0	30	15033	0	3	0	0	0	100	3	0	800000	1	1	1	2	0	0	0	0	29262	0
186000041	STR_RELIC_EXCHANGE_30	66491	53550	0	0	0	30	15033	0	3	0	0	0	100	3	0	50000	1	1	1	2	0	0	0	0	29262	0
186000042	STR_RELIC_ARMOR_50	66492	58406	0	0	0	50	15033	0	3	0	0	0	100	4	0	1000000	1	1	1	2	0	0	0	0	29262	0
186000043	STR_RELIC_WEAPON_50	66493	36932	0	0	0	50	15033	0	3	0	0	0	100	4	0	10000000	1	1	1	2	0	0	0	0	29262	0
186000044	STR_RELIC_EXCHANGE_50	66494	36949	0	0	0	50	15033	0	3	0	0	0	100	4	0	200000	1	1	1	2	0	0	0	0	29262	0
186000045	STR_JUNK_DEVANION_QUEST_01	66495	36476	0	0	0	30	15033	0	3	0	0	0	1	3	0	1000	1	0	1	1	0	0	0	0	29262	0
186000046	STR_JUNK_LEHPAR_QUEST_01A	66496	54230	0	0	0	40	15033	0	3	0	0	0	1000	1	0	1000	1	1	1	2	0	0	0	0	29262	0
186000047	STR_JUNK_D_LEHPAR_QUEST_01A	66497	54210	0	0	0	40	15033	0	3	0	0	0	1000	1	0	1000	1	1	1	2	0	0	0	0	29262	0
186000048	STR_JUNK_IDLF1_DROP_COMPONENT_01A	66498	58544	0	0	0	50	15033	0	3	0	0	0	1000	1	0	1000	1	1	1	2	0	0	0	0	29262	0
186000049	STR_JUNK_D_IDLF1_DROP_COMPONENT_01A	66499	58544	0	0	0	50	15033	0	3	0	0	0	1000	1	0	1000	1	1	1	2	0	0	0	0	29262	0
186000050	STR_JUNK_IDLF1_SALE_COMPONENT_01A	66500	59141	0	0	0	50	15033	0	3	0	0	0	1000	1	0	151200	1	1	1	2	0	0	0	0	29262	0
186000076	STR_DEVANION_MASTER_01A	66501	36415	0	0	0	50	15033	0	3	0	0	0	1000	1	0	50000	1	0	1	1	0	0	0	0	36249	0
186000077	STR_DEVANION_MASTER_02A	66502	36493	0	0	0	50	15033	0	3	0	0	0	1000	4	0	500000	1	0	1	1	0	0	0	0	36249	0
186000078	STR_EMBLEM_OF_LC	66503	54228	0	0	0	50	15033	0	3	0	0	0	1000	1	0	5	0	0	1	1	0	0	0	0	36249	0
186000079	STR_EMBLEM_OF_DC	66504	54228	0	0	0	50	15033	0	3	0	0	0	1000	1	0	5	0	0	1	1	0	0	0	0	36249	0
186000080	STR_RELIC_01	66505	36415	0	0	0	50	15033	0	3	0	0	0	100	4	0	3404143	1	1	1	2	0	0	0	0	29262	0
186000081	STR_RELIC_02	66506	36377	0	0	0	50	15033	0	3	0	0	0	100	4	0	5104715	1	1	1	2	0	0	0	0	29262	0
186000082	STR_RELIC_03	66507	36377	0	0	0	50	15033	0	3	0	0	0	100	4	0	6806286	1	1	1	2	0	0	0	0	29262	0
186000083	STR_RELIC_04	66508	36369	0	0	0	50	15033	0	3	0	0	0	100	4	0	10209429	1	1	1	2	0	0	0	0	29262	0
186000084	STR_RELIC_D_01	66509	53619	0	0	0	50	15033	0	3	0	0	0	100	4	0	3404143	1	1	1	2	0	0	0	0	29262	0
186000085	STR_RELIC_D_02	66510	59999	0	0	0	50	15033	0	3	0	0	0	100	4	0	5104715	1	1	1	2	0	0	0	0	29262	0
186000086	STR_RELIC_D_03	66511	59999	0	0	0	50	15033	0	3	0	0	0	100	4	0	6806286	1	1	1	2	0	0	0	0	29262	0
186000087	STR_RELIC_D_04	66512	53625	0	0	0	50	15033	0	3	0	0	0	100	4	0	10209429	1	1	1	2	0	0	0	0	29262	0
186000088	STR_MATERIAL_CHARM_LIGHT_40	66513	66514	0	0	0	40	15033	0	3	0	0	0	100	2	53554	5	0	0	1	1	0	0	0	0	29262	0
186000089	STR_MATERIAL_CHARM_LIGHT_45	66515	55167	0	0	0	45	15033	0	3	0	0	0	100	2	53747	5	0	0	1	1	0	0	0	0	29262	0
186000090	STR_MATERIAL_CHARM_LIGHT_50	66516	55211	0	0	0	50	15033	0	3	0	0	0	100	2	39991	5	0	0	1	1	0	0	0	0	29262	0
186000091	STR_MATERIAL_CHARM_DARK_40	66517	36749	0	0	0	40	15033	0	3	0	0	0	100	2	53554	5	0	0	1	1	0	0	0	0	29262	0
186000092	STR_MATERIAL_CHARM_DARK_45	66518	37117	0	0	0	45	15033	0	3	0	0	0	100	2	53747	5	0	0	1	1	0	0	0	0	29262	0
186000093	STR_MATERIAL_CHARM_DARK_50	66519	37119	0	0	0	50	15033	0	3	0	0	0	100	2	39991	5	0	0	1	1	0	0	0	0	29262	0
186000094	STR_CASH_COUPON_AIONJEWELS_01	66520	66521	0	2	0	1	15033	0	3	0	0	0	1000	1	0	1	0	0	1	1	0	0	0	0	34584	0
186000095	STR_INSIDIUM_01	66522	66523	0	0	0	1	15033	0	3	0	0	0	1000	2	0	500000	1	0	1	1	0	0	0	0	29262	0
186000097	STR_JUNK_MASTER_RECIPE_QUEST_60A	66524	36413	0	0	0	60	15033	0	3	0	0	0	100	2	0	20000	1	1	1	2	0	0	0	0	29262	0
186000098	STR_IDCATACOMBS_CERTIFICATION_01	66525	66526	0	0	0	1	15033	0	3	0	0	0	1000	2	0	200000	1	0	1	1	0	0	0	0	29262	0
186000099	STR_RUDRA_ESSENCE_01	66527	36504	0	0	0	1	15033	0	3	0	0	0	1000	4	0	5	0	0	1	1	0	0	0	0	29262	0
186000106	STR_BLESSED_AURIUM_01	66528	66523	0	0	0	1	15033	0	3	0	0	0	50	4	0	376000	1	1	1	2	0	0	0	0	29262	0
186000107	STR_SHULACK_POTION_01	66529	53502	0	0	0	1	15033	0	3	8	8	61	100	4	0	100000	1	0	1	1	1	0	36650	36651	29262	35949
186000108	STR_SOIL_CONDITIONER_01	66530	55267	0	0	0	1	15033	0	3	0	0	0	1	3	0	1000000	1	1	1	2	0	0	0	0	29262	0
186000109	STR_AIR_COLLECTION_TREASURE01	66531	62971	0	0	0	50	15033	0	3	0	0	0	200	2	0	1	1	1	1	2	0	0	0	0	34584	0
186000110	STR_IDTEMPLE_TELEPORT_01	66532	62920	0	0	0	1	15033	0	3	0	0	0	1000	2	0	30000	1	1	1	2	0	0	0	0	29262	0
186000111	STR_EVENT_COIN_H_01	66533	65053	0	2	0	1	15033	0	3	0	0	0	10000	1	0	5	0	0	1	1	0	0	0	0	58826	0
186000116	STR_MATERIAL_FEED_01	66534	55267	0	0	0	1	15033	0	3	0	0	0	1000	1	0	50000	1	1	1	2	0	0	0	0	29262	0
186000117	STR_CASH_MATERIAL_FEED_01	66535	53642	0	1	0	1	15033	0	3	0	0	0	1	1	0	5	0	0	1	1	0	0	0	0	29262	0
186000118	STR_CASH_MATERIAL_FEED_02	66536	53642	0	1	0	1	15033	0	3	0	0	0	1	1	0	5	0	0	1	1	0	0	0	0	29262	0
186000119	STR_CASH_MATERIAL_FEED_03	66537	53642	0	1	0	1	15033	0	3	0	0	0	1	1	0	5	0	0	1	1	0	0	0	0	29262	0
186000120	STR_CASH_MATERIAL_FEED_04	66538	53642	0	1	0	1	15033	0	3	0	0	0	1	1	0	5	0	0	1	1	0	0	0	0	29262	0
186000121	STR_CASH_MATERIAL_FEED_05	66539	53642	0	1	0	1	15033	0	3	0	0	0	1	1	0	5	0	0	1	1	0	0	0	0	29262	0
186000123	STR_D_COIN_SHULACK_01	66540	63011	0	0	0	50	15033	0	3	0	0	0	1000	2	0	5	1	0	1	1	0	0	0	0	29262	0
186000124	STR_MATERIAL_IDARENA_01	66541	40687	0	0	0	50	15033	0	3	0	0	0	100	1	0	5	0	1	1	0	0	0	0	0	34584	0
186000125	STR_MATERIAL_D_IDARENA_01	66542	40687	0	0	0	50	15033	0	3	0	0	0	100	1	0	5	0	1	1	0	0	0	0	0	34584	0
186000126	STR_MATERIAL_IDSTATION_01	66543	55211	0	0	0	50	15033	0	3	0	0	0	1000	3	0	5	0	0	1	1	0	0	0	0	29262	0
186000127	STR_EVENT_COIN_H_02	66544	66545	0	2	0	1	15033	0	3	0	0	0	10000	1	0	5	0	0	1	1	0	0	0	0	58826	0
186000134	STR_MATERIAL_IDARENA_SOLO_01	66546	40687	0	0	0	50	15033	0	3	0	0	0	100	1	0	5	0	0	1	0	0	0	0	0	34584	0
186000135	STR_ITEM_IDARENA_PVP01_01	66547	66548	0	0	0	1	15033	0	3	0	0	0	1	1	0	5	0	0	1	0	0	10080	0	0	34584	0
186000136	STR_ITEM_IDARENA_PVP02_01	66549	66550	0	0	0	1	15033	0	3	0	0	0	1	1	0	5	0	0	1	0	0	10080	0	0	34584	0
186000138	STR_WORLD_EVENT_COIN_AU_01	66551	58498	0	2	0	1	15033	0	3	0	0	0	10000	4	0	5	0	0	1	1	0	0	0	0	58826	0
186000139	STR_WORLD_EVENT_COIN_AU_02	66552	36236	0	2	0	1	15033	0	3	0	0	0	10000	4	0	5	0	0	1	1	0	0	0	0	58826	0
186000140	STR_WORLD_EVENT_COIN_AU_03	66553	36372	0	2	0	1	15033	0	3	0	0	0	10000	4	66554	5	0	0	1	1	0	0	0	0	58826	0
186000148	STR_WORLD_EVENT_COIN_AU_04	66555	61482	0	2	0	1	15033	0	3	0	0	0	10000	4	0	5	0	0	1	1	0	0	0	0	29262	0
186000149	STR_WORLD_EVENT_COIN_AU_05	66556	55095	0	2	0	1	15033	0	3	0	0	0	10000	4	0	5	0	0	1	1	0	0	0	0	29262	0
186000150	STR_WORLD_EVENT_COIN_AU_06	66557	55356	0	2	0	1	15033	0	3	0	0	0	10000	4	0	5	0	0	1	1	0	0	0	0	29262	0
186000151	STR_WORLD_EVENT_COIN_AU_07	66558	60210	0	2	0	1	15033	0	3	0	0	0	10000	4	0	5	0	0	1	1	0	0	0	0	29262	0
186000152	STR_WORLD_EVENT_COIN_AU_08	66559	54263	0	2	0	1	15033	0	3	0	0	0	10000	4	0	5	0	0	1	1	0	0	0	0	29262	0
186000164	STR_EVENT_ITEM_ROOKIE_01	66560	66526	0	0	0	1	15033	0	3	0	0	0	1	1	0	5	0	0	0	0	0	0	0	0	29262	0
188000000	STR_ITEM_ABYSS_LIGHT_SIEGE_PET_G1	66561	59157	0	0	0	40	15079	0	1	10	3600	38	1	1	0	500000	1	1	1	2	1	0	36650	36651	29262	66562
188000001	STR_ITEM_ABYSS_DARK_SIEGE_PET_G1	66563	59157	0	0	0	40	15079	0	2	10	3600	38	1	1	0	500000	1	1	1	2	1	0	36650	36651	29262	66564
188000002	STR_ITEM_ABYSS_LIGHT_SIEGE_PET_G2	66565	59157	0	0	0	50	15086	0	1	10	3600	38	1	3	0	500000	1	1	1	2	1	0	36650	36651	29262	66566
188000003	STR_ITEM_ABYSS_DARK_SIEGE_PET_G2	66567	59157	0	0	0	50	15086	0	2	10	3600	38	1	3	0	500000	1	1	1	2	1	0	36650	36651	29262	66568
188010000	STR_ITEM_ABYSS_LIGHT_SIEGE_SERVANT_CANNON_G1	66569	36873	0	0	0	40	15079	0	1	5	1800	38	1	1	0	10000	1	0	1	1	1	0	36650	36651	29262	66570
188010001	STR_ITEM_ABYSS_DARK_SIEGE_SERVANT_CANNON_G1	66571	36873	0	0	0	40	15079	0	2	5	1800	38	1	1	0	10000	1	0	1	1	1	0	36650	36651	29262	66572
188010002	STR_ITEM_ABYSS_LIGHT_SIEGE_SUMMON_CANNON_G1	66573	36873	0	0	0	40	15079	0	1	10	1800	38	1	1	0	30000	1	0	1	1	1	0	36650	36651	29262	66574
188010003	STR_ITEM_ABYSS_DARK_SIEGE_SUMMON_CANNON_G1	66575	36873	0	0	0	40	15079	0	2	10	1800	38	1	1	0	30000	1	0	1	1	1	0	36650	36651	29262	66576
188010004	STR_ITEM_ABYSS_LIGHT_SIEGE_SERVANT_CANNON_G1	66569	36873	0	0	0	40	15079	0	1	5	5	38	1	1	0	100000	1	1	1	2	1	0	36650	36651	29262	66570
188010005	STR_ITEM_ABYSS_DARK_SIEGE_SERVANT_CANNON_G1	66571	36873	0	0	0	40	15079	0	2	5	5	38	1	1	0	100000	1	1	1	2	1	0	36650	36651	29262	66572
188010006	STR_ITEM_ABYSS_LIGHT_SIEGE_SUMMON_CANNON_G1	66573	36873	0	0	0	40	15079	0	1	10	5	38	1	1	0	300000	1	1	1	2	1	0	36650	36651	29262	66574
188010007	STR_ITEM_ABYSS_DARK_SIEGE_SUMMON_CANNON_G1	66575	36873	0	0	0	40	15079	0	2	10	5	38	1	1	0	300000	1	1	1	2	1	0	36650	36651	29262	66576
188010008	STR_ITEM_ABYSS_LIGHT_SIEGE_SUMMON_CANNON_G2	66577	36873	0	0	0	45	15083	0	1	10	1800	38	1	1	0	60000	1	0	1	1	1	0	36650	36651	29262	66578
188010009	STR_ITEM_ABYSS_DARK_SIEGE_SUMMON_CANNON_G2	66579	36873	0	0	0	45	15083	0	2	10	1800	38	1	1	0	60000	1	0	1	1	1	0	36650	36651	29262	66580
188010010	STR_ITEM_ABYSS_LIGHT_SIEGE_SUMMON_CANNON_G3	66581	36873	0	0	0	50	15086	0	1	10	1800	38	1	1	0	90000	1	0	1	1	1	0	36650	36651	29262	66582
188010011	STR_ITEM_ABYSS_DARK_SIEGE_SUMMON_CANNON_G3	66583	36873	0	0	0	50	15086	0	2	10	1800	38	1	1	0	90000	1	0	1	1	1	0	36650	36651	29262	66584
188011000	STR_TEST_SUMMON_ORPHE	66585	36873	0	0	0	20	15065	0	1	0	0	30	100	1	0	1000	1	1	1	2	1	0	36650	36651	29262	66586
188011001	STR_TEST_SUMMON_AUD	66587	36873	0	0	0	20	15065	0	2	0	0	30	100	1	0	1000	1	1	1	2	1	0	36650	36651	29262	66588
188020000	STR_ITEM_ABYSS_MATERIAL_DRIVE_ARTIFACT_G1	66589	59949	0	0	0	25	15033	0	3	0	0	0	20	1	0	10000	1	1	1	2	0	0	0	0	29262	0
188020001	STR_ITEM_ABYSS_MATERIAL_DRIVE_ARTIFACT_G2	66590	59949	0	0	0	35	15033	0	3	0	0	0	20	2	0	20000	1	1	1	2	0	0	0	0	29262	0
188030000	STR_ITEM_ABYSS_MATERIAL_REPAIR_GATE_G1	66591	66592	0	0	0	25	15033	0	3	0	0	0	9999	1	0	7500	1	0	1	0	0	0	0	0	29262	0
188600047	STR_EVENT_SCROLL_INIT_COOLT_IDLF1_01	66593	65770	0	2	0	1	15086	0	3	1	43200	118	1	2	0	5	0	0	1	1	1	0	36650	36651	53545	65810
188600048	STR_EVENT_SCROLL_INIT_COOLT_IDCATACOMBS_01	66594	65770	0	2	0	1	15612	0	3	1	43200	121	1	2	0	5	0	0	1	1	1	0	36650	36651	53545	65816
188600049	STR_EVENT_SCROLL_INIT_COOLT_IDARENA_SOLO_01	66595	65770	0	2	0	1	15086	0	3	1	79200	122	1	2	0	5	0	0	1	1	1	0	36650	36651	53545	65844
188600058	STR_EVENT_SCROLL_INIT_COOLT_IDF4RE_DRANA_01	66596	65770	0	2	0	1	15086	0	3	1	79200	110	100	1	0	5	0	0	1	1	1	0	36650	36651	53545	65840
188700000	STR_TEST_F2P_TEST_01	66597	36236	0	2	0	1	15033	0	3	1	0	0	1	1	0	300	0	1	1	2	1	0	35811	36651	36249	35949
188700001	STR_TEST_F2P_TEST_02	66598	36236	0	2	0	1	15033	0	3	1	0	0	1	1	0	300	0	1	1	2	1	0	35811	36651	36249	35949
188700002	STR_TEST_F2P_TEST_03	66599	36236	0	2	0	1	15033	0	3	1	0	0	1	1	0	300	0	1	1	2	1	0	35811	36651	36249	35949
188700003	STR_TEST_F2P_TEST_04	66600	36236	0	2	0	1	15033	0	3	1	0	0	1	1	0	300	0	1	1	2	1	0	35811	36651	36249	35949
188700004	STR_TEST_F2P_TEST_05	66601	36236	0	2	0	1	15033	0	3	1	0	0	1	1	0	300	0	1	1	2	1	0	35811	36651	36249	35949
188700005	STR_TEST_F2P_TEST_06	66602	36236	0	2	0	1	15033	0	3	1	0	0	1	1	0	300	0	1	1	2	1	0	35811	36651	36249	35949
188710000	STR_WORLD_GF_PVP_PACK_TEST_5	66603	66604	0	2	0	1	15033	0	3	1	0	0	1	2	0	5	0	1	1	2	1	0	35811	36651	36249	35949
188710001	STR_WORLD_GF_PVP_PACK_TEST_10	66605	66604	0	2	0	1	15033	0	3	1	0	0	1	2	0	5	0	1	1	2	1	0	35811	36651	36249	35949
188710002	STR_WORLD_GF_PVP_PACK_TEST	66606	66604	0	2	0	1	15033	0	3	1	0	0	1	2	0	5	0	1	1	2	1	0	35811	36651	36249	35949
188710003	STR_WORLD_GF_TRADE_PACK_TEST_5	66607	66608	0	2	0	1	15033	0	3	1	0	0	1	2	0	5	0	1	1	2	1	0	35811	36651	36249	35949
188710004	STR_WORLD_GF_TRADE_PACK_TEST_10	66609	66608	0	2	0	1	15033	0	3	1	0	0	1	2	0	5	0	1	1	2	1	0	35811	36651	36249	35949
188710005	STR_WORLD_GF_TRADE_PACK_TEST	66610	66608	0	2	0	1	15033	0	3	1	0	0	1	2	0	5	0	1	1	2	1	0	35811	36651	36249	35949
188710006	STR_WORLD_GF_QUEST_PACK_TEST_5	66611	66612	0	2	0	1	15033	0	3	1	0	0	1	2	0	5	0	1	1	2	1	0	35811	36651	36249	35949
188710007	STR_WORLD_GF_QUEST_PACK_TEST_10	66613	66612	0	2	0	1	15033	0	3	1	0	0	1	2	0	5	0	1	1	2	1	0	35811	36651	36249	35949
188710008	STR_WORLD_GF_QUEST_PACK_TEST	66614	66612	0	2	0	1	15033	0	3	1	0	0	1	2	0	5	0	1	1	2	1	0	35811	36651	36249	35949
188710009	STR_WORLD_GF_FULL_PACK_TEST_5	66615	66616	0	2	0	1	15033	0	3	1	0	0	1	2	0	5	0	1	1	2	1	0	35811	36651	36249	35949
188710010	STR_WORLD_GF_FULL_PACK_TEST_10	66617	66616	0	2	0	1	15033	0	3	1	0	0	1	2	0	5	0	1	1	2	1	0	35811	36651	36249	35949
188710011	STR_WORLD_GF_FULL_PACK_TEST	66618	66616	0	2	0	1	15033	0	3	1	0	0	1	2	0	5	0	1	1	2	1	0	35811	36651	36249	35949
188710012	STR_WORLD_ALL_BOOST_GET_AP_TEST_5	66619	66604	0	2	0	1	15033	0	3	1	0	0	1	2	0	5	0	1	1	2	1	0	35811	36651	36249	35949
188710013	STR_WORLD_ALL_BOOST_GET_AP_TEST_10	66620	66604	0	2	0	1	15033	0	3	1	0	0	1	2	0	5	0	1	1	2	1	0	35811	36651	36249	35949
188710014	STR_WORLD_ALL_BOOST_GET_AP_TEST	66621	66604	0	2	0	1	15033	0	3	1	0	0	1	2	0	5	0	1	1	2	1	0	35811	36651	36249	35949
188710015	STR_WORLD_ALL_BOOST_VITAL_POINT_TEST_5	66622	66608	0	2	0	1	15033	0	3	1	0	0	1	2	0	5	0	1	1	2	1	0	35811	36651	36249	35949
188710016	STR_WORLD_ALL_BOOST_VITAL_POINT_TEST_10	66623	66608	0	2	0	1	15033	0	3	1	0	0	1	2	0	5	0	1	1	2	1	0	35811	36651	36249	35949
188710017	STR_WORLD_ALL_BOOST_VITAL_POINT_TEST	66624	66608	0	2	0	1	15033	0	3	1	0	0	1	2	0	5	0	1	1	2	1	0	35811	36651	36249	35949
188710018	STR_WORLD_ALL_BOOST_IDARENA_TEST_5	66625	66612	0	2	0	1	15033	0	3	1	0	0	1	2	0	5	0	1	1	2	1	0	35811	36651	36249	35949
188710019	STR_WORLD_ALL_BOOST_IDARENA_TEST_10	66626	66612	0	2	0	1	15033	0	3	1	0	0	1	2	0	5	0	1	1	2	1	0	35811	36651	36249	35949
188710020	STR_WORLD_ALL_BOOST_IDARENA_TEST	66627	66612	0	2	0	1	15033	0	3	1	0	0	1	2	0	5	0	1	1	2	1	0	35811	36651	36249	35949
188710021	STR_WORLD_ALL_BOOST_IDARENASOLO_TEST_5	66628	66612	0	2	0	1	15033	0	3	1	0	0	1	2	0	5	0	1	1	2	1	0	35811	36651	36249	35949
188710022	STR_WORLD_ALL_BOOST_IDARENASOLO_TEST_10	66629	66612	0	2	0	1	15033	0	3	1	0	0	1	2	0	5	0	1	1	2	1	0	35811	36651	36249	35949
188710023	STR_WORLD_ALL_BOOST_IDARENASOLO_TEST	66630	66612	0	2	0	1	15033	0	3	1	0	0	1	2	0	5	0	1	1	2	1	0	35811	36651	36249	35949
188710024	STR_WORLD_ALL_BOOST_IDARENAPVP_TEST_5	66631	66612	0	2	0	1	15033	0	3	1	0	0	1	2	0	5	0	1	1	2	1	0	35811	36651	36249	35949
188710025	STR_WORLD_ALL_BOOST_IDARENAPVP_TEST_10	66632	66612	0	2	0	1	15033	0	3	1	0	0	1	2	0	5	0	1	1	2	1	0	35811	36651	36249	35949
188710026	STR_WORLD_ALL_BOOST_IDARENAPVP_TEST	66633	66612	0	2	0	1	15033	0	3	1	0	0	1	2	0	5	0	1	1	2	1	0	35811	36651	36249	35949
188710027	STR_WORLD_ALL_BOOST_IDARENA_COMBO_TEST_5	66634	66612	0	2	0	1	15033	0	3	1	0	0	1	2	0	5	0	1	1	2	1	0	35811	36651	36249	35949
188710028	STR_WORLD_ALL_BOOST_IDARENA_COMBO_TEST_10	66635	66612	0	2	0	1	15033	0	3	1	0	0	1	2	0	5	0	1	1	2	1	0	35811	36651	36249	35949
188710029	STR_WORLD_ALL_BOOST_IDARENA_COMBO_TEST	66636	66612	0	2	0	1	15033	0	3	1	0	0	1	2	0	5	0	1	1	2	1	0	35811	36651	36249	35949
188710030	STR_WORLD_ALL_BOOST_FULL_TEST_5	66637	66616	0	2	0	1	15033	0	3	1	0	0	1	2	0	5	0	1	1	2	1	0	35811	36651	36249	35949
188710031	STR_WORLD_ALL_BOOST_FULL_TEST_10	66638	66616	0	2	0	1	15033	0	3	1	0	0	1	2	0	5	0	1	1	2	1	0	35811	36651	36249	35949
188710032	STR_WORLD_ALL_BOOST_FULL_TEST	66639	66616	0	2	0	1	15033	0	3	1	0	0	1	2	0	5	0	1	1	2	1	0	35811	36651	36249	35949
188710033	STR_WORLD_ALL_UNRESTRICT_CHAR_SLOT_8_TEST_5	66640	66641	0	2	0	1	15033	0	3	1	0	0	1	2	0	5	0	1	1	2	1	0	35811	36651	36249	35949
188710034	STR_WORLD_ALL_UNRESTRICT_CHAR_SLOT_8_TEST	66642	66641	0	2	0	1	15033	0	3	1	0	0	1	2	0	5	0	1	1	2	1	0	35811	36651	36249	35949
188710035	STR_WORLD_GF_PVP_PACK_DAY_7	66643	66604	0	2	0	1	15033	0	3	1	0	0	1	2	0	5	0	1	1	2	1	0	35811	36651	36249	35949
188710036	STR_WORLD_GF_PVP_PACK_DAY_15	66644	66604	0	2	0	1	15033	0	3	1	0	0	1	2	0	5	0	1	1	2	1	0	35811	36651	36249	35949
188710037	STR_WORLD_GF_PVP_PACK_DAY_30	66645	66604	0	2	0	1	15033	0	3	1	0	0	1	2	0	5	0	1	1	2	1	0	35811	36651	36249	35949
188710038	STR_WORLD_GF_TRADE_PACK_DAY_7	66646	66608	0	2	0	1	15033	0	3	1	0	0	1	2	0	5	0	1	1	2	1	0	35811	36651	36249	35949
188710039	STR_WORLD_GF_TRADE_PACK_DAY_15	66647	66608	0	2	0	1	15033	0	3	1	0	0	1	2	0	5	0	1	1	2	1	0	35811	36651	36249	35949
188710040	STR_WORLD_GF_TRADE_PACK_DAY_30	66648	66608	0	2	0	1	15033	0	3	1	0	0	1	2	0	5	0	1	1	2	1	0	35811	36651	36249	35949
188710041	STR_WORLD_GF_QUEST_PACK_DAY_7	66649	66612	0	2	0	1	15033	0	3	1	0	0	1	2	0	5	0	1	1	2	1	0	35811	36651	36249	35949
188710042	STR_WORLD_GF_QUEST_PACK_DAY_15	66650	66612	0	2	0	1	15033	0	3	1	0	0	1	2	0	5	0	1	1	2	1	0	35811	36651	36249	35949
188710043	STR_WORLD_GF_QUEST_PACK_DAY_30	66651	66612	0	2	0	1	15033	0	3	1	0	0	1	2	0	5	0	1	1	2	1	0	35811	36651	36249	35949
188710044	STR_WORLD_GF_FULL_PACK_DAY_7	66652	66616	0	2	0	1	15033	0	3	1	0	0	1	3	0	5	0	1	1	2	1	0	35811	36651	36249	35949
188710045	STR_WORLD_GF_FULL_PACK_DAY_15	66653	66616	0	2	0	1	15033	0	3	1	0	0	1	3	0	5	0	1	1	2	1	0	35811	36651	36249	35949
188710046	STR_WORLD_GF_FULL_PACK_DAY_30	66654	66616	0	2	0	1	15033	0	3	1	0	0	1	3	0	5	0	1	1	2	1	0	35811	36651	36249	35949
188710047	STR_WORLD_ALL_BOOST_GET_AP_DAY_1	66655	66604	0	2	0	1	15033	0	3	1	0	0	1	2	0	5	0	1	1	2	1	0	35811	36651	36249	35949
188710048	STR_WORLD_ALL_BOOST_GET_AP_DAY_7	66656	66604	0	2	0	1	15033	0	3	1	0	0	1	2	0	5	0	1	1	2	1	0	35811	36651	36249	35949
188710049	STR_WORLD_ALL_BOOST_GET_AP_DAY_15	66657	66604	0	2	0	1	15033	0	3	1	0	0	1	2	0	5	0	1	1	2	1	0	35811	36651	36249	35949
188710050	STR_WORLD_ALL_BOOST_GET_AP_DAY_30	66658	66604	0	2	0	1	15033	0	3	1	0	0	1	2	0	5	0	1	1	2	1	0	35811	36651	36249	35949
188710051	STR_WORLD_ALL_BOOST_VITAL_POINT_DAY_1	66659	66608	0	2	0	1	15033	0	3	1	0	0	1	2	0	5	0	1	1	2	1	0	35811	36651	36249	35949
188710052	STR_WORLD_ALL_BOOST_VITAL_POINT_DAY_7	66660	66608	0	2	0	1	15033	0	3	1	0	0	1	2	0	5	0	1	1	2	1	0	35811	36651	36249	35949
188710053	STR_WORLD_ALL_BOOST_VITAL_POINT_DAY_15	66661	66608	0	2	0	1	15033	0	3	1	0	0	1	2	0	5	0	1	1	2	1	0	35811	36651	36249	35949
188710054	STR_WORLD_ALL_BOOST_VITAL_POINT_DAY_30	66662	66608	0	2	0	1	15033	0	3	1	0	0	1	2	0	5	0	1	1	2	1	0	35811	36651	36249	35949
188710055	STR_WORLD_ALL_BOOST_IDARENA_DAY_1	66663	66612	0	2	0	1	15033	0	3	1	0	0	1	2	0	5	0	1	1	2	1	0	35811	36651	36249	35949
188710056	STR_WORLD_ALL_BOOST_IDARENA_DAY_7	66664	66612	0	2	0	1	15033	0	3	1	0	0	1	2	0	5	0	1	1	2	1	0	35811	36651	36249	35949
188710057	STR_WORLD_ALL_BOOST_IDARENA_DAY_15	66665	66612	0	2	0	1	15033	0	3	1	0	0	1	2	0	5	0	1	1	2	1	0	35811	36651	36249	35949
188710058	STR_WORLD_ALL_BOOST_IDARENA_DAY_30	66666	66612	0	2	0	1	15033	0	3	1	0	0	1	2	0	5	0	1	1	2	1	0	35811	36651	36249	35949
188710059	STR_WORLD_ALL_BOOST_IDARENASOLO_DAY_1	66667	66612	0	2	0	1	15033	0	3	1	0	0	1	2	0	5	0	1	1	2	1	0	35811	36651	36249	35949
188710060	STR_WORLD_ALL_BOOST_IDARENASOLO_DAY_7	66668	66612	0	2	0	1	15033	0	3	1	0	0	1	2	0	5	0	1	1	2	1	0	35811	36651	36249	35949
188710061	STR_WORLD_ALL_BOOST_IDARENASOLO_DAY_15	66669	66612	0	2	0	1	15033	0	3	1	0	0	1	2	0	5	0	1	1	2	1	0	35811	36651	36249	35949
188710062	STR_WORLD_ALL_BOOST_IDARENASOLO_DAY_30	66670	66612	0	2	0	1	15033	0	3	1	0	0	1	2	0	5	0	1	1	2	1	0	35811	36651	36249	35949
188710063	STR_WORLD_ALL_BOOST_IDARENAPVP_DAY_1	66671	66612	0	2	0	1	15033	0	3	1	0	0	1	2	0	5	0	1	1	2	1	0	35811	36651	36249	35949
188710064	STR_WORLD_ALL_BOOST_IDARENAPVP_DAY_7	66672	66612	0	2	0	1	15033	0	3	1	0	0	1	2	0	5	0	1	1	2	1	0	35811	36651	36249	35949
188710065	STR_WORLD_ALL_BOOST_IDARENAPVP_DAY_15	66673	66612	0	2	0	1	15033	0	3	1	0	0	1	2	0	5	0	1	1	2	1	0	35811	36651	36249	35949
188710066	STR_WORLD_ALL_BOOST_IDARENAPVP_DAY_30	66674	66612	0	2	0	1	15033	0	3	1	0	0	1	2	0	5	0	1	1	2	1	0	35811	36651	36249	35949
188710067	STR_WORLD_ALL_BOOST_IDARENA_COMBO_DAY_1	66675	66612	0	2	0	1	15033	0	3	1	0	0	1	2	0	5	0	1	1	2	1	0	35811	36651	36249	35949
188710068	STR_WORLD_ALL_BOOST_IDARENA_COMBO_DAY_7	66676	66612	0	2	0	1	15033	0	3	1	0	0	1	2	0	5	0	1	1	2	1	0	35811	36651	36249	35949
188710069	STR_WORLD_ALL_BOOST_IDARENA_COMBO_DAY_15	66677	66612	0	2	0	1	15033	0	3	1	0	0	1	2	0	5	0	1	1	2	1	0	35811	36651	36249	35949
188710070	STR_WORLD_ALL_BOOST_IDARENA_COMBO_DAY_30	66678	66612	0	2	0	1	15033	0	3	1	0	0	1	2	0	5	0	1	1	2	1	0	35811	36651	36249	35949
188710071	STR_WORLD_ALL_BOOST_FULL_DAY_1	66679	66616	0	2	0	1	15033	0	3	1	0	0	1	3	0	5	0	1	1	2	1	0	35811	36651	36249	35949
188710072	STR_WORLD_ALL_BOOST_FULL_DAY_7	66680	66616	0	2	0	1	15033	0	3	1	0	0	1	3	0	5	0	1	1	2	1	0	35811	36651	36249	35949
188710073	STR_WORLD_ALL_BOOST_FULL_DAY_15	66681	66616	0	2	0	1	15033	0	3	1	0	0	1	3	0	5	0	1	1	2	1	0	35811	36651	36249	35949
188710074	STR_WORLD_ALL_BOOST_FULL_DAY_30	66682	66616	0	2	0	1	15033	0	3	1	0	0	1	3	0	5	0	1	1	2	1	0	35811	36651	36249	35949
188710075	STR_WORLD_ALL_UNRESTRICT_CHAR_SLOT_8	66683	66641	0	2	0	1	15033	0	3	1	0	0	1	2	0	5	0	1	1	2	1	0	35811	36651	36249	35949
189110001	STR_R_EXPBOOST2	66684	59348	0	1	0	1	15033	0	3	0	3600	71	100	1	0	1	0	0	1	1	1	0	36650	36651	29262	66685

 