10	1269	
id	hour	minite	dist	name	skybox	ambient	fogcolor	fognear	fogfar
int	int	int	int	string	string	hex	hex	int	int
110010000	4	0	2048	0	71591	808080	808080	32	1000
110010000	9	0	2048	0	71592	9b9b9b	b4b4b4	32	1200
110010000	17	0	2048	0	71593	808080	808080	32	1100
110010000	22	0	2048	0	71591	6e6e6e	808080	32	1000
110010000	4	0	2048	71594	71592	a3acb1	cac2fc	4	1000
110010000	9	0	2048	71594	71593	b4bfe0	c6c6d9	4	1000
110010000	17	0	2048	71594	71595	b3b0ac	e8cdac	4	1000
110010000	22	0	2048	71594	71591	989ca7	1b2e41	4	1000
110010000	4	0	2048	71596	71592	a3acb1	cac2fc	32	650
110010000	9	0	2048	71596	71593	b4bfe0	c6c6d9	32	650
110010000	17	0	2048	71596	71595	b3afac	e6c8a4	32	650
110010000	22	0	2048	71596	71591	989ca7	1b2e41	32	650
110010000	4	0	2048	71597	71592	a3acb1	cac2fc	32	800
110010000	9	0	2048	71597	71593	b4bfe0	c6c6d9	32	850
110010000	17	0	2048	71597	71595	b3afac	e8cdac	32	800
110010000	22	0	2048	71597	71591	989ca7	1b2e41	32	800
110010000	4	0	2048	71598	71592	a3acb1	cac2fc	32	800
110010000	9	0	2048	71598	71593	b4bfe0	c6c6d9	32	800
110010000	17	0	2048	71598	71595	b3afac	e8cdac	32	800
110010000	22	0	2048	71598	71591	989ca7	1b2e41	4	800
110020000	4	0	2048	0	71591	808080	808080	32	1000
110020000	9	0	2048	0	71592	9b9b9b	b4b4b4	32	1200
110020000	17	0	2048	0	71593	808080	808080	32	1100
110020000	22	0	2048	0	71591	6e6e6e	808080	32	1000
110020000	0	0	2048	71599	71593	f0ecd9	dff5ff	4	2000
120010000	4	0	2048	0	71600	c1c1c1	12145c	4	1100
120010000	9	0	2048	0	71601	f1f1f1	b1c7c4	4	1100
120010000	15	0	2048	0	71602	d6d6d6	311711	4	1100
120010000	20	0	2048	0	71603	bcbcbc	12145c	4	1100
120010000	4	0	2048	71604	71600	b8bfb5	96a486	4	1150
120010000	9	0	2048	71604	71601	c9d5dc	b3bbc6	4	1200
120010000	15	0	2048	71604	71602	ccc5bd	ac947b	4	1200
120010000	20	0	2048	71604	71603	99a0d0	212849	4	950
120010000	4	0	2048	71605	71600	b8bfb5	96a486	4	1500
120010000	9	0	2048	71605	71601	c9d8dc	b3bbc6	4	1400
120010000	15	0	2048	71605	71602	cbc5be	a29686	4	1400
120010000	20	0	2048	71605	71603	9fa5ca	112039	4	600
120010000	4	0	2048	71606	71600	bbbcb8	839692	4	600
120010000	9	0	2048	71606	71601	ccd9d8	b1c7c4	4	600
120010000	15	0	2048	71606	71602	cdc5bc	302b25	4	600
120010000	20	0	2048	71606	71603	9ca3cd	1b203a	4	600
120010000	4	0	2048	71607	71600	b0bac4	b5b0c8	4	1500
120010000	9	0	2048	71607	71601	c2d1d0	b1c7c4	4	1500
120010000	15	0	2048	71607	71602	cdc1bc	695e52	4	1500
120010000	20	0	2048	71607	71603	9f9fca	352b40	4	1300
120010000	4	0	2048	71608	71600	b6b5bf	a6b198	4	1400
120010000	9	0	2048	71608	71601	cdd6d8	b3bbc6	4	1250
120010000	15	0	2048	71608	71602	cbc5be	a29686	4	1400
120010000	20	0	2048	71608	71603	9cc1cd	374379	4	1000
120010000	4	0	2048	71609	71600	bab0c4	b198a5	4	1000
120010000	9	0	2048	71609	71601	d2cdd8	bcb3c6	4	1250
120010000	15	0	2048	71609	71602	cbbec1	a28786	4	1000
120010000	20	0	2048	71609	71603	b5a4c6	3f3f61	4	1000
120010000	4	0	2048	71610	71600	babfb5	b1a598	4	500
120010000	9	0	2048	71610	71601	cdd6d8	849674	4	550
120010000	15	0	2048	71610	71602	cbc5be	849674	4	520
120010000	20	0	2048	71610	71603	99bcd0	373e2d	4	500
120010000	4	0	2048	71611	71600	bfbab5	b1a598	4	1100
120010000	9	0	2048	71611	71601	d8d3cd	b3bbc6	4	1150
120010000	15	0	2048	71611	71602	cec5bb	9d9180	4	1200
120010000	20	0	2048	71611	71603	99a7d0	212849	4	800
120020000	4	0	2048	0	71600	c1c1c1	12145c	4	1100
120020000	9	0	2048	0	71601	f1f1f1	b1c7c4	4	1100
120020000	15	0	2048	0	71602	d6d6d6	311711	4	1100
120020000	20	0	2048	0	71603	bcbcbc	12145c	4	1100
120020000	4	0	2048	71612	71600	c1c1c1	12145c	4	1100
120020000	9	0	2048	71612	71601	f1f1f1	d8d5cb	4	1100
120020000	15	0	2048	71612	71602	d6d6d6	311711	4	1100
120020000	20	0	2048	71612	71603	bcbcbc	12145c	4	1100
110070000	4	0	2048	0	71591	808080	808080	32	1000
110070000	9	0	2048	0	71592	9b9b9b	b4b4b4	32	1200
110070000	17	0	2048	0	71593	808080	808080	32	1100
110070000	22	0	2048	0	71591	6e6e6e	808080	32	1000
110070000	4	0	2048	71613	71592	a3acb1	cac2fc	32	650
110070000	17	0	2048	71613	71595	b3afac	e6c8a4	32	650
110070000	22	0	2048	71613	71591	989ca7	1b2e41	32	650
110070000	9	0	2048	71614	71593	6d91d8	2c3f6b	44	250
110070000	9	0	2048	71613	71593	b4bfe0	c6c6d9	32	650
110070000	6	0	2048	71615	71616	9f9c71	ba8b45	32	250
120080000	4	0	2048	0	71600	c1c1c1	12145c	4	500
120080000	9	0	2048	0	71601	f1f1f1	b1c7c4	4	500
120080000	15	0	2048	0	71602	d6d6d6	311711	4	500
120080000	20	0	2048	0	71603	bcbcbc	12145c	4	400
120080000	4	0	2048	71617	71600	b8bfb5	96a486	4	400
120080000	9	0	2048	71617	71601	c9d8dc	b3bbc6	4	400
120080000	15	0	2048	71617	71602	cbc5be	a29686	4	400
120080000	20	0	2048	71617	71603	9fa5ca	112039	4	300
120080000	9	0	2048	71614	71601	6d91d8	2c3f6b	4	250
120080000	6	0	2048	71615	71616	9f9c71	ba8b45	32	250
210010000	4	0	2048	0	71592	a5a5a5	808080	32	1300
210010000	9	0	2048	0	71593	e6e6e6	808080	32	1400
210010000	17	0	2048	0	71595	afafaf	808080	32	1400
210010000	22	0	2048	0	71591	969696	808080	32	1300
210010000	4	0	2048	71618	71592	a0a3d3	c5b1fc	4	800
210010000	9	0	2048	71618	71593	d0dae3	abccfa	4	800
210010000	17	0	2048	71618	71595	c5b3a5	f0cf99	4	800
210010000	22	0	2048	71618	71591	80a6d5	3a8acb	4	750
210010000	4	0	2048	71619	71592	c5aba0	aaea95	2	180
210010000	9	0	2048	71619	71593	e8ddcc	ccf18d	2	180
210010000	17	0	2048	71619	71595	d1a998	d8d854	4	180
210010000	22	0	2048	71619	71591	8db9c7	5fb748	4	180
210010000	4	0	2048	71620	71592	afa3bb	beaafb	4	450
210010000	9	0	2048	71620	71593	e3e3d0	9bc2f9	4	450
210010000	17	0	2048	71620	71595	c5b9a5	f5b778	4	450
210010000	22	0	2048	71620	71591	7c94d8	5575aa	4	450
210010000	4	0	2048	71621	71592	a0a3d3	c8c0fe	4	512
210010000	9	0	2048	71621	71593	d0e3da	aad2fb	4	512
210010000	17	0	2048	71621	71595	c5b9a5	f9d191	4	512
210010000	22	0	2048	71621	71591	8099d5	35709f	4	512
210010000	4	0	2048	71622	71592	bfb0c4	baa4fb	4	350
210010000	9	0	2048	71622	71593	ecdac8	aad2fb	4	350
210010000	17	0	2048	71622	71595	cdad9a	b86947	4	350
210010000	22	0	2048	71622	71591	99abbd	254f70	4	350
210010000	4	0	2048	71623	71592	9ed18d	aaea95	2	200
210010000	9	0	2048	71623	71593	cce8bd	daea80	2	200
210010000	17	0	2048	71623	71595	d0cb99	b7d854	2	200
210010000	22	0	2048	71623	71591	92c3b1	60973e	2	200
210010000	4	0	2048	71624	71592	cebfa6	7c5718	4	100
210010000	9	0	2048	71624	71593	cebfa6	97691e	4	100
210010000	17	0	2048	71624	71595	cebfa6	7c5718	4	100
210010000	22	0	2048	71624	71591	cebfa6	6b4a14	4	100
210020000	4	0	2048	0	71625	a5a5a5	808080	32	1300
210020000	9	0	2048	0	71626	e6e6e6	808080	32	1400
210020000	17	0	2048	0	71627	afafaf	808080	32	1300
210020000	22	0	2048	0	71628	969696	808080	32	1200
210020000	4	0	1024	71594	71625	a8bde1	474f63	4	400
210020000	9	0	1024	71594	71626	c7c8c1	cbcfaf	4	400
210020000	17	0	1024	71594	71627	d3c9b6	838550	4	400
210020000	22	0	1024	71594	71628	7d96ec	151a20	4	380
210020000	4	0	1024	71596	71625	b1d3d8	7a8fa5	4	600
210020000	9	0	1024	71596	71626	dcdcb8	cfd5aa	4	600
210020000	17	0	1024	71596	71627	d3c9b6	857a50	4	600
210020000	22	0	1024	71596	71628	a8c5e1	131517	4	600
210020000	4	0	512	71629	71625	9797dd	403144	4	250
210020000	9	0	512	71629	71626	e1c5a8	bfaa95	4	300
210020000	17	0	512	71629	71627	ddba97	523829	4	250
210020000	22	0	512	71629	71628	b3cf96	21160a	4	300
210020000	4	0	1024	71630	71625	d29e97	523123	4	300
210020000	9	0	1024	71630	71626	e2cbbc	634a32	4	400
210020000	17	0	1024	71630	71627	cf9b9a	561d14	4	350
210020000	22	0	1024	71630	71628	d5aa80	140907	4	500
210020000	4	0	512	71631	71625	bcb6a3	d7bdc9	4	400
210020000	9	0	512	71631	71626	e7e7ad	ede2a7	4	400
210020000	17	0	512	71631	71627	d1b7ad	7e6556	4	400
210020000	22	0	512	71631	71628	779d9d	060f0f	4	400
210020000	4	0	1024	71597	71625	bab6d3	55444f	4	700
210020000	9	0	1024	71597	71626	e2d5c7	c7b68d	4	700
210020000	17	0	1538	71597	71627	cbb6a9	7b5744	4	1100
210020000	22	0	1024	71597	71628	58c7c7	0a0b0c	4	900
210020000	4	0	1024	71632	71625	b6bdd3	574252	4	400
210020000	9	0	1024	71632	71626	d6e1a8	beb596	4	400
210020000	17	0	1024	71632	71627	d1b7ad	786047	4	400
210020000	22	0	1024	71632	71628	4d82d2	040422	4	600
210020000	4	0	2048	71633	71625	b6bdd3	5a4554	4	1200
210020000	9	0	2048	71633	71626	e0d6b4	cfc8af	4	1200
210020000	17	0	2048	71633	71627	d1b7ad	786047	4	1200
210020000	22	0	2048	71633	71628	448ad0	02021e	4	1100
210020000	4	0	1024	71598	71625	a5a5da	414e54	4	500
210020000	9	0	1024	71598	71626	ddf7f7	7a9fc5	4	500
210020000	17	0	1024	71598	71627	f1ccad	998a71	4	500
210020000	22	0	1024	71598	71628	809fd5	181b1d	4	500
210020000	4	0	1024	71634	71625	9575c6	3e3139	4	700
210020000	9	0	1024	71634	71626	ce927b	4d3a28	4	700
210020000	17	0	1024	71634	71627	c57c70	40322f	4	700
210020000	22	0	1024	71634	71628	a38a72	0a0b0c	4	600
210020000	4	0	512	71635	71625	7d97e1	383d47	4	150
210020000	9	0	512	71635	71626	7d97e1	686956	4	150
210020000	17	0	512	71635	71627	7d97e1	484837	4	150
210020000	22	0	512	71635	71628	6d8ef1	0e171d	4	150
210020000	4	0	1024	71636	71625	9ca6c2	42333a	4	450
210020000	9	0	1024	71636	71626	caa780	8c7053	4	600
210020000	17	0	1024	71636	71627	c29392	5e4137	4	600
210020000	22	0	1024	71636	71628	5595d5	020213	4	500
210020000	4	0	512	71637	71625	b6bdd3	5a4554	4	300
210020000	9	0	512	71637	71626	dbd784	d6df9f	4	300
210020000	17	0	512	71637	71627	c4d1ad	786c47	4	300
210020000	22	0	512	71637	71628	80a6d5	020213	4	300
210020000	4	0	512	71638	71625	d29e97	403540	4	150
210020000	9	0	512	71638	71626	bbcce3	3e4957	4	150
210020000	17	0	512	71638	71627	d2b197	382412	4	150
210020000	22	0	512	71638	71628	d5aa80	161410	4	300
210020000	4	0	512	71639	71640	9ada5a	acf095	4	300
210020000	9	0	512	71639	71640	d9f2a8	acf095	4	300
210020000	17	0	512	71639	71640	a4e464	acf095	4	300
210020000	22	0	512	71639	71640	8bcb4b	acf095	4	300
210020000	4	0	512	71641	71625	cdc6ad	3e3540	4	280
210020000	9	0	512	71641	71626	e2d6c7	857550	4	280
210020000	17	0	512	71641	71627	cbb6a9	523a2e	4	280
210020000	22	0	512	71641	71628	a8b39d	050213	4	280
210020000	4	0	128	71642	71625	d29e97	593c31	4	45
210020000	9	0	128	71642	71626	d29e97	593c31	4	45
210020000	17	0	128	71642	71627	d29e97	593c31	4	45
210020000	22	0	128	71642	71628	d29e97	593c31	4	45
210020000	4	0	128	71643	71625	ffffff	412941	4	90
210020000	4	0	128	71644	71625	ffffff	47352e	4	80
210020000	4	0	128	71645	71625	ffffff	403a35	4	90
210020000	4	0	128	71646	71625	ffffff	4b7e7e	4	90
210020000	4	0	512	71647	71625	92cda0	d7bdc9	4	400
210020000	9	0	512	71647	71626	ade7ad	ede2a7	4	400
210020000	17	0	512	71647	71627	b7e29c	7e6556	4	400
210020000	22	0	512	71647	71628	b5cabb	060f0f	4	400
210020000	4	0	512	71648	71625	9696d3	3d484e	4	350
210020000	9	0	1024	71648	71626	cbf3f3	7095ba	4	350
210020000	17	0	1024	71648	71627	eec09b	8c7e68	4	350
210020000	22	0	1024	71648	71628	809fd5	181b1d	4	350
210020000	4	0	512	71649	71625	9797dd	403144	4	200
210020000	9	0	512	71649	71626	e1c5a8	bfaa95	4	210
210020000	17	0	512	71649	71627	ddba97	523829	4	210
210020000	22	0	512	71649	71628	b3cf96	100b05	4	200
210020000	4	0	512	71650	71625	9797dd	403144	4	200
210020000	9	0	512	71650	71626	e1c5a8	bfaa95	4	210
210020000	17	0	512	71650	71627	ddba97	523829	4	210
210020000	22	0	512	71650	71628	b3cf96	100b05	4	200
210030000	4	0	2048	0	71592	a5a5a5	808080	32	1300
210030000	9	0	2048	0	71593	e6e6e6	808080	32	1400
210030000	17	0	2048	0	71595	afafaf	808080	32	1400
210030000	22	0	2048	0	71591	969696	808080	32	1300
210030000	4	0	2048	71597	71592	aecb7e	94e877	4	420
210030000	9	0	2048	71597	71593	e4e4af	a0e859	4	450
210030000	17	0	2048	71597	71595	b7ce6f	afbf40	4	450
210030000	22	0	2048	71597	71591	97c192	0ea781	4	450
210030000	4	0	2048	71630	71592	9090c3	b39bf9	4	1200
210030000	9	0	2048	71630	71593	e9d8b6	ebd2b1	4	1200
210030000	17	0	2048	71630	71595	e8b68c	f4bd60	4	1200
210030000	22	0	2048	71630	71591	93a7d7	384667	4	1200
210030000	4	0	2048	71632	71592	ad9fd4	c6b1f3	4	450
210030000	9	0	2048	71632	71593	c8abf3	d5b1f8	4	400
210030000	17	0	2048	71632	71595	a896dc	d8afe4	4	450
210030000	22	0	2048	71632	71591	8888ce	45458f	4	450
210030000	4	0	2048	71638	71592	c5af99	c2b8fc	4	1000
210030000	9	0	2048	71638	71593	f3d5ab	b0d7fd	4	1000
210030000	17	0	2048	71638	71595	cfb4a3	fdd095	4	1000
210030000	22	0	2048	71638	71591	b9b69f	316895	4	1000
210030000	4	0	2048	71637	71592	9b9bc4	cac2fc	4	950
210030000	9	0	2048	71637	71593	e1e1bd	aad2fb	4	1000
210030000	17	0	2048	71637	71595	ccb3a6	fcc996	4	950
210030000	22	0	2048	71637	71591	859fe4	1b3952	4	900
210030000	4	0	2048	71629	71592	9ea5c0	c1d2b7	4	450
210030000	9	0	2048	71629	71593	e3e9b6	baeea6	4	450
210030000	17	0	2048	71629	71595	dbcd8e	d7d78a	4	450
210030000	22	0	2048	71629	71591	9bacbd	485c3d	4	450
210030000	4	0	2048	71631	71592	918ebb	b39bf9	4	1200
210030000	9	0	2048	71631	71593	efdbaf	ebd2b1	4	1200
210030000	17	0	2048	71631	71595	dcb798	d5b580	4	1200
210030000	22	0	2048	71631	71591	93a0d7	384667	4	600
210030000	4	0	2048	71633	71592	ccaa92	984b32	4	800
210030000	9	0	2048	71633	71593	f1d5ad	984b32	4	800
210030000	17	0	2048	71633	71595	d9b299	984b32	4	800
210030000	22	0	2048	71633	71591	c6a58f	363f30	4	800
210030000	4	0	2048	71598	71592	cfa88f	a85437	4	600
210030000	9	0	2048	71598	71593	f3cfab	a0573f	4	600
210030000	17	0	2048	71598	71595	d9b299	a0573f	4	600
210030000	22	0	2048	71598	71591	c6a58f	3d3832	4	600
210030000	4	0	2048	71596	71592	83a5dc	b39bf9	4	1000
210030000	9	0	2048	71596	71593	e2e2b1	b7e0ee	4	1000
210030000	17	0	2048	71596	71595	cfb2a3	f8d192	4	1000
210030000	22	0	2048	71596	71591	749bed	536697	4	850
210030000	4	0	2048	71594	71592	91a1e2	b39bf9	4	900
210030000	9	0	2048	71594	71593	f3ebab	9bc2f9	4	900
210030000	17	0	2048	71594	71595	cfb4a3	f3cc8b	4	900
210030000	22	0	2048	71594	71591	7ea3e2	5a6fa5	4	800
210030000	4	0	2048	71634	71592	8ba1de	ad93ec	4	400
210030000	9	0	2048	71634	71593	e4e4af	b8f099	4	500
210030000	17	0	2048	71634	71595	eee4af	edd17c	4	450
210030000	22	0	2048	71634	71591	b4c392	7bc485	4	450
210030000	4	0	2048	71636	71592	9ada5a	acf095	4	500
210030000	9	0	2048	71636	71593	d9f2a8	acf095	4	500
210030000	17	0	2048	71636	71595	a4e464	acf095	4	500
210030000	22	0	2048	71636	71591	8bcb4b	acf095	4	500
210040000	4	0	2048	0	71651	a5a5a5	808080	32	1300
210040000	9	0	2048	0	71652	e6e6e6	808080	32	1400
210040000	17	0	2048	0	71653	afafaf	808080	32	1400
210040000	22	0	2048	0	71654	969696	808080	32	1300
210040000	4	0	2048	71621	71651	a4bbb4	383247	4	400
210040000	9	0	2048	71621	71652	fcffda	4a7574	4	400
210040000	17	0	2048	71621	71653	c4bf91	654932	4	400
210040000	22	0	2048	71621	71654	8f926d	1a1d12	4	400
210040000	4	0	2048	71618	71651	6c858e	2f323c	4	400
210040000	9	0	2048	71618	71652	83a8b1	1e2f2b	4	400
210040000	17	0	2048	71618	71653	62929d	29281d	4	400
210040000	22	0	2048	71618	71654	5a868f	141d1d	4	400
210040000	4	0	2048	71623	71651	a2b5bd	677aad	4	600
210040000	9	0	2048	71623	71652	fffcdd	71ccce	4	600
210040000	17	0	2048	71623	71653	bcaf96	948261	4	600
210040000	22	0	2048	71623	71654	92a09f	1d2926	4	600
210040000	4	0	2048	71622	71651	abbba3	b09c66	4	500
210040000	9	0	2048	71622	71652	e9ffc8	8ee1e1	4	650
210040000	17	0	2048	71622	71653	bca096	996833	4	600
210040000	22	0	2048	71622	71654	9e9d87	344b50	4	500
210040000	4	0	2048	71636	71651	59a6fb	111a31	4	300
210040000	9	0	2048	71636	71652	6fafc8	517d7b	4	400
210040000	17	0	2048	71636	71653	7aa5fc	563932	4	300
210040000	22	0	2048	71636	71654	7aa5fc	0e171d	4	200
210040000	4	0	2048	71619	71651	83b771	26213d	4	900
210040000	9	0	2048	71619	71652	b8d68f	274e5a	4	900
210040000	17	0	2048	71619	71653	aeb670	4e332c	4	900
210040000	22	0	2048	71619	71654	809e52	1e2423	4	800
210040000	4	0	2048	71624	71651	83b771	2d3742	4	500
210040000	9	0	2048	71624	71652	b1d280	4e8387	4	500
210040000	17	0	2048	71624	71653	aeb670	98725a	4	500
210040000	22	0	2048	71624	71654	809e52	283530	4	800
210040000	4	0	2048	71655	71651	a87d7d	51302d	4	300
210040000	9	0	2048	71655	71652	897aab	3d444b	4	200
210040000	17	0	2048	71655	71653	c5918e	734535	4	200
210040000	22	0	2048	71655	71654	aa7d7d	202026	4	200
210040000	4	0	2048	71634	71651	bbbaa4	928383	4	400
210040000	9	0	2048	71634	71652	fcffda	5c7c71	4	400
210040000	17	0	2048	71634	71653	c4be91	675434	4	400
210040000	22	0	2048	71634	71654	a59b87	21221e	4	400
210040000	9	0	500	71656	71652	aba4ca	3e4095	8	250
210040000	4	0	2048	71620	71651	bea296	362d46	4	400
210040000	9	0	2048	71620	71652	fed1a5	587c74	4	800
210040000	17	0	2048	71620	71653	d59f80	604339	4	400
210040000	22	0	2048	71620	71654	d0a582	0f141c	4	400
210050000	4	0	2048	0	71657	a5a5a5	808080	32	1000
210050000	9	0	2048	0	71658	e6e6e6	808080	32	1000
210050000	17	0	2048	0	71659	afafaf	808080	32	1000
210050000	22	0	2048	0	71660	969696	808080	32	1000
210050000	4	0	2048	71661	71657	c6a3c7	74429d	10	550
210050000	9	0	2048	71661	71658	bcb3e8	4d899d	10	550
210050000	17	0	2048	71661	71659	a09dd7	a94f38	10	500
210050000	22	0	2048	71661	71660	8c95d2	2c3089	10	550
210050000	4	0	2048	71662	71657	ae97d9	3a3382	70	600
210050000	9	0	2048	71662	71658	ebc4f4	6da8dc	60	700
210050000	17	0	2048	71662	71659	d1aba3	783232	70	600
210050000	22	0	2048	71662	71660	9384db	3a45a0	70	600
210050000	4	0	2048	71663	71657	aba6c4	8a4a89	20	600
210050000	9	0	2048	71663	71658	e3d2bb	93d2dd	20	700
210050000	17	0	2048	71663	71659	c5bea5	bc814b	20	600
210050000	22	0	2048	71663	71660	a39cc2	3a3a85	20	600
210050000	4	0	2048	71664	71657	97b7c4	475492	10	600
210050000	9	0	2048	71664	71658	e0d8c9	7ea5d3	10	700
210050000	17	0	2048	71664	71659	baac9a	9f573c	10	600
210050000	22	0	2048	71664	71660	85b3ba	214e65	10	500
210050000	4	0	2048	71665	71657	9485b8	79a4bb	10	90
210050000	9	0	2048	71665	71658	9485b8	9179bb	10	90
210050000	17	0	2048	71665	71659	9485b8	9179bb	10	90
210050000	22	0	2048	71665	71660	9485b8	9179bb	10	90
210050000	4	0	2048	71666	71657	6d93bc	426684	30	500
210050000	9	0	2048	71666	71658	98b8ed	83aec0	30	600
210050000	17	0	2048	71666	71659	a79d8d	60404f	30	500
210050000	22	0	2048	71666	71660	848bb3	3f2f68	30	500
210050000	4	0	2048	71667	71657	c4b797	404b7b	20	500
210050000	9	0	2048	71667	71658	dbd0c4	5a919c	20	600
210050000	17	0	2048	71667	71659	c9bbab	96584b	20	550
210050000	22	0	2048	71667	71660	96a7be	283953	20	500
210050000	4	0	2048	71668	71657	9eb4cb	7d5298	4	600
210050000	9	0	2048	71668	71658	d6d0ad	b0d9f0	40	700
210050000	17	0	2048	71668	71659	cab69f	aa804a	40	600
210050000	22	0	2048	71668	71660	91adb9	3a5385	4	600
210050000	4	0	2048	71669	71657	7373e1	217274	30	400
210050000	9	0	2048	71669	71658	8989e7	b77ed1	30	450
210050000	17	0	2048	71669	71659	8978d8	695bc8	30	400
210050000	22	0	2048	71669	71660	7da4b7	2e437c	30	400
210050000	4	0	2048	71670	71657	8697e8	88b1c4	30	500
210050000	9	0	2048	71670	71658	a2a4f0	827cde	7	600
210050000	17	0	2048	71670	71659	aaa57b	cf8ba7	30	500
210050000	22	0	2048	71670	71660	8c88c1	4b5ba5	30	500
210050000	4	0	2048	71671	71657	a9a8c1	5961a8	30	600
210050000	9	0	2048	71671	71658	e6d8c4	9bc5f2	50	700
210050000	17	0	2048	71671	71659	d1bda5	ce7c59	5	750
210050000	22	0	2048	71671	71660	88a7db	373575	5	700
210050000	4	0	2048	71672	71657	8da3b1	795aab	3	500
210050000	9	0	2048	71672	71658	e7d1c2	86e1cd	30	600
210050000	17	0	2048	71672	71659	d7ac93	a34e41	30	700
210050000	22	0	2048	71672	71660	829ac8	2f318e	30	700
210050000	4	0	2048	71673	71657	aaaed2	b55b82	4	600
210050000	9	0	2048	71673	71658	aeeaf2	6fccff	4	700
210050000	17	0	2048	71673	71659	9ad6b4	c17835	4	650
210050000	22	0	2048	71673	71660	82a7bd	355775	4	650
210050000	4	0	2048	71674	71657	b4b4b4	4e408c	5	500
210050000	9	0	2048	71674	71658	f3e6da	6374c2	20	700
210050000	17	0	2048	71674	71659	d9b3b0	a35949	20	600
210050000	22	0	2048	71674	71660	8691b9	30398d	20	600
210050000	4	0	2048	71675	71657	ede9d6	314d8c	10	500
210050000	9	0	2048	71675	71658	ede9d6	9374c0	10	600
210050000	17	0	2048	71675	71659	ede9d6	a77058	10	500
210050000	22	0	2048	71675	71660	879db4	385172	10	500
210060000	4	0	2048	0	71676	a5a5a5	808080	32	1300
210060000	9	0	2048	0	71677	e6e6e6	808080	32	1400
210060000	17	0	2048	0	71616	afafaf	808080	32	1300
210060000	22	0	2048	0	71678	969696	808080	32	1200
210060000	4	0	1024	71679	71676	91a49b	886944	4	700
210060000	9	0	1024	71679	71677	b7bdac	609b97	30	800
210060000	17	0	1024	71679	71616	93a29a	6b754f	10	700
210060000	22	0	1024	71679	71678	5387c1	0e103f	4	500
210060000	4	0	1024	71680	71676	898eab	1e3f51	4	700
210060000	9	0	1024	71680	71677	b3b7b6	5584a6	30	800
210060000	17	0	1024	71680	71616	8687a4	8e6217	10	700
210060000	22	0	1024	71680	71678	556dbf	1d1230	4	400
210060000	4	0	1024	71681	71676	89a7cb	3c5179	4	700
210060000	9	0	1024	71681	71677	b1c6cd	4e747e	30	900
210060000	17	0	1024	71681	71616	c5b485	4b4136	10	600
210060000	22	0	1024	71681	71678	7a95da	14253d	4	500
210060000	4	0	1024	71682	71676	8893a2	476278	4	900
210060000	9	0	1024	71682	71677	b5b9ca	7684a7	4	1200
210060000	17	0	1024	71682	71616	a89b8c	5e4256	4	900
210060000	22	0	1024	71682	71678	757daa	1f2336	4	500
210060000	4	0	1024	71683	71676	8994a0	293845	4	900
210060000	9	0	1024	71683	71677	c0c5ba	374a45	4	1100
210060000	17	0	1024	71683	71616	8b9f8a	2c3838	4	1000
210060000	22	0	1024	71683	71678	6d93a7	1f2336	4	500
210060000	4	0	1024	71684	71676	8c99a8	344858	4	900
210060000	9	0	1024	71684	71677	b5af9f	544d5b	4	1000
210060000	17	0	1024	71684	71616	af9f7a	583814	4	900
210060000	22	0	1024	71684	71678	78989c	162536	4	500
210060000	4	0	1024	71685	71676	818e9e	4e4059	4	600
210060000	9	0	1024	71685	71677	a8b3c1	6f896d	4	700
210060000	17	0	1024	71685	71616	8a9e9f	764912	4	800
210060000	22	0	1024	71685	71678	6d73a7	131f33	4	400
210060000	4	0	2048	71686	71676	87a3ad	39536c	4	900
210060000	9	0	1024	71686	71677	c6c5b9	667861	5	1000
210060000	17	0	1024	71686	71616	9fa293	454434	4	800
210060000	22	0	1024	71686	71678	738ba2	181c2e	4	500
210060000	4	0	1024	71687	71676	a09f7e	3d3829	1	650
210060000	9	0	1024	71687	71677	b5bbae	ad824b	4	800
210060000	17	0	1024	71687	71616	95a585	504a0e	4	700
210060000	22	0	1024	71687	71678	6783ad	241f32	4	500
210060000	9	0	1024	71688	71677	67b7cb	429d9f	1	400
210060000	22	0	1024	71688	71678	5caeb8	10395f	4	380
210060000	9	0	1024	71689	71677	9eb3b6	314d4a	4	300
210060000	17	0	1024	71689	71616	9f8a97	98290e	4	300
210060000	4	0	1024	71690	71676	88ac8c	61542c	4	550
210060000	9	0	1024	71690	71677	abbeb7	6c7249	4	600
210060000	17	0	1024	71690	71616	bac272	634b16	4	600
210060000	22	0	1024	71690	71678	75aa94	1b1d12	4	500
210060000	4	0	1024	71691	71676	98a58f	404960	4	550
210060000	9	0	1024	71691	71677	cab69f	a09578	4	800
210060000	17	0	1024	71691	71616	a69f84	624444	4	800
210060000	22	0	1024	71691	71678	7d977d	10141f	4	450
210060000	9	0	1024	71692	71677	a88295	b35f4d	4	350
210060000	17	0	1024	71692	71616	a57085	803c04	4	350
210060000	4	0	1024	71693	71676	7a84a5	273836	4	200
210060000	9	0	1024	71693	71677	8ca897	5a8257	4	260
210060000	17	0	1024	71693	71616	91a27d	453716	4	260
210060000	22	0	1024	71693	71678	696bab	1b152d	4	200
210060000	17	0	1024	71688	71616	74a59e	5b520b	4	400
210060000	4	0	1024	71692	71676	a88295	7b4235	4	300
210060000	22	0	1024	71692	71678	aa6aa3	6b2159	4	350
210060000	4	0	1024	71694	71676	6d8ea7	2e3450	4	450
210060000	9	0	500	71694	71677	8e91b0	393a53	2	600
210060000	17	0	1024	71694	71616	ae8971	381d29	4	700
210060000	22	0	1024	71694	71678	657da5	0f1015	4	450
210060000	4	0	1024	71695	71676	98a491	27364e	4	800
210060000	9	0	1024	71695	71677	b4b0a0	816343	4	900
210060000	17	0	1024	71695	71616	a4a286	6c461c	4	900
210060000	22	0	1024	71695	71678	96987c	161423	4	400
220010000	4	0	2048	0	71600	9faab5	12145c	4	1100
220010000	9	0	2048	0	71601	abb6be	4f242b	4	1100
220010000	15	0	2048	0	71602	aa9fb5	311711	4	1100
220010000	20	0	2048	0	71603	949eab	12145c	4	1100
220010000	4	0	2048	71594	71600	d1add1	4b3fa0	16	700
220010000	9	0	2048	71594	71601	c1c1dd	cdd396	16	1000
220010000	15	0	2048	71594	71602	bfaad5	c5a57e	16	700
220010000	20	0	2048	71594	71603	939bec	2d2d73	16	700
220010000	4	0	2048	71596	71600	ceb0ca	352778	16	750
220010000	9	0	2048	71596	71601	bdd7c7	d3cd96	16	800
220010000	15	0	2048	71596	71602	d5b5aa	c5a57e	16	750
220010000	20	0	2048	71596	71603	9fb3df	2b2b75	16	700
220010000	4	0	2048	71597	71600	c9add1	62548b	16	220
220010000	9	0	2048	71597	71601	c4cdb1	caaf8a	16	220
220010000	15	0	2048	71597	71602	ceb1b0	9e7c6b	16	220
220010000	20	0	2048	71597	71603	af9fdf	453560	16	200
220010000	4	0	2048	71598	71600	aac8d5	40554b	16	450
220010000	9	0	2048	71598	71601	b0ceca	c7bead	16	450
220010000	15	0	2048	71598	71602	d1c7ad	786947	16	450
220010000	20	0	2048	71598	71603	85afda	18435c	16	450
220010000	4	0	2048	71633	71600	a8a8d7	443748	16	135
220010000	9	0	2048	71633	71601	8da9f1	5b796b	16	200
220010000	15	0	2048	71633	71602	bdc7d7	372f28	16	200
220010000	20	0	2048	71633	71603	8ebff0	18435c	16	170
220010000	4	0	2048	71631	71600	aacad5	387264	16	600
220010000	9	0	2048	71631	71601	bed0ae	b5d396	4	650
220010000	15	0	2048	71631	71602	d5ccaa	c5c57e	4	640
220010000	20	0	2048	71631	71603	98b6e7	143556	16	600
220010000	4	0	2048	71630	71600	dacfa5	756840	8	65
220010000	9	0	2048	71630	71601	d2d5aa	9aa76d	8	80
220010000	15	0	2048	71630	71602	cdb1be	786647	8	75
220010000	20	0	2048	71630	71603	aab4d0	4b6389	8	70
220010000	4	0	2048	71629	71600	dfd29f	756840	4	50
220010000	9	0	2048	71629	71601	cfd1ad	9aa76d	4	50
220010000	15	0	2048	71629	71602	ccb3be	786647	4	50
220010000	20	0	2048	71629	71603	d0cbae	4b6389	4	50
220010000	20	0	2048	71632	71603	c4d6a9	426a93	4	50
220010000	20	0	2048	71634	71603	c4d6a9	498b8b	4	100
220020000	4	0	2048	0	71602	d8969f	30325a	4	1100
220020000	9	0	2048	0	71601	b7c0c8	4f242b	4	1100
220020000	15	0	2048	0	71602	caa08a	311711	4	1100
220020000	20	0	2048	0	71603	8888ac	262648	4	700
220020000	4	0	1024	71696	71697	7c79bd	d0bfea	4	750
220020000	9	0	1024	71696	71698	acaad5	d5d6f2	4	750
220020000	15	0	2048	71696	71699	52abad	5886a7	4	750
220020000	20	0	2048	71696	71700	539197	162c3f	4	750
220020000	4	0	2048	71701	71697	8381b4	d5ccec	4	600
220020000	9	0	2048	71701	71698	d8d0ea	aaadf2	4	600
220020000	15	0	2048	71701	71699	859caf	7a99ad	4	700
220020000	20	0	2048	71701	71700	a2a7c6	212834	4	700
220020000	4	0	2048	71702	71697	8ca8e1	a976d3	4	500
220020000	9	0	2048	71702	71698	c2c7ef	66898c	4	500
220020000	15	0	2048	71702	71699	9ba3bf	c19955	4	450
220020000	20	0	2048	71702	71700	baacd2	333c40	4	500
220020000	4	0	2048	71703	71697	d1c28f	c5dbae	4	200
220020000	9	0	2048	71703	71698	dacfa3	7cafa5	4	200
220020000	15	0	2048	71703	71699	9c7b45	d0b99d	4	200
220020000	20	0	2048	71703	71700	cec8aa	3f3e2e	4	200
220020000	4	0	2048	71704	71697	c6c46f	e8dfc4	4	1500
220020000	9	0	2048	71704	71698	fedc76	fbe1a6	4	1500
220020000	15	0	2048	71704	71699	eec76a	bfab6f	4	1500
220020000	20	0	2048	71704	71700	fed65c	2d3021	4	600
220020000	4	0	2048	71705	71697	cca53c	beb174	4	750
220020000	9	0	2048	71705	71698	feef85	9a9683	4	800
220020000	15	0	2048	71705	71699	d8d687	706550	4	450
220020000	20	0	2048	71705	71700	e1c76a	2f3324	4	400
220020000	4	0	2048	71706	71697	8ca0d5	5230ad	4	450
220020000	9	0	2048	71706	71698	91d2ec	6c4ae3	4	400
220020000	15	0	2048	71706	71699	9e9edc	844fb9	4	700
220020000	20	0	2048	71706	71700	b8aee8	1e2d37	4	500
220020000	4	0	2048	71707	71697	dfa880	473c2c	4	700
220020000	9	0	2048	71707	71698	dab49c	5e4637	4	700
220020000	15	0	2048	71707	71699	ccac93	583d27	4	700
220020000	20	0	2048	71707	71700	ca7c62	373124	4	700
220020000	4	0	2048	71708	71697	cd3229	662222	4	550
220020000	9	0	2048	71708	71698	da2121	581816	4	550
220020000	15	0	2048	71708	71699	eb3838	46211e	4	550
220020000	20	0	2048	71708	71700	da2121	27172b	4	700
220020000	4	0	2048	71709	71697	c45242	4b2b27	4	700
220020000	9	0	2048	71709	71698	b05739	672121	4	700
220020000	15	0	2048	71709	71699	a3784e	543125	4	700
220020000	20	0	2048	71709	71700	c43c3c	2d1e1e	4	700
220020000	4	0	2048	71710	71697	815a7d	4e37a6	4	750
220020000	9	0	2048	71710	71698	a57cc9	503aa3	4	750
220020000	15	0	2048	71710	71699	5669c0	3c3748	4	750
220020000	20	0	2048	71710	71700	955ba4	272938	4	750
220020000	4	0	2048	71711	71697	e6a58e	af7450	4	200
220020000	9	0	2048	71711	71698	dcba98	a38472	4	200
220020000	15	0	2048	71711	71699	d3c596	ac9b68	4	200
220020000	20	0	2048	71711	71700	cbc09e	6b663f	4	200
220020000	4	0	2048	71712	71697	717935	796b53	4	250
220020000	9	0	2048	71712	71698	cabf5b	5e5f49	4	280
220020000	15	0	2048	71712	71699	a2ad4b	353128	4	280
220020000	20	0	2048	71712	71700	bea541	25241b	4	280
220020000	4	0	2048	71713	71697	388d89	8a869f	4	220
220020000	9	0	2048	71713	71698	b1e0de	567b87	4	220
220020000	15	0	2048	71713	71699	69c2be	527c81	4	350
220020000	20	0	2048	71713	71700	47bfcd	1f4b49	4	500
220020000	4	0	2048	71714	71697	ad7b5c	6a60c8	4	250
220020000	9	0	2048	71714	71698	c2a578	8979d7	4	250
220020000	15	0	2048	71714	71699	c99565	644a9f	4	250
220020000	20	0	2048	71714	71700	bf9760	323e4b	4	250
220020000	4	0	2048	71715	71697	93849f	757296	4	300
220020000	9	0	2048	71715	71698	c2adda	5b7377	4	350
220020000	15	0	2048	71715	71699	b9b4c0	53442b	4	300
220020000	20	0	2048	71715	71700	aba3bc	212329	4	400
220020000	4	0	2048	71716	71697	609bae	7696a7	4	180
220020000	9	0	2048	71716	71698	97e1c8	748d8c	4	190
220020000	15	0	2048	71716	71699	76b7c5	5a726c	4	180
220020000	20	0	2048	71716	71700	89e7df	264048	4	180
220020000	4	0	2048	71717	71697	63a59b	445756	4	280
220020000	9	0	2048	71717	71698	8abfb4	535b4d	4	280
220020000	15	0	2048	71717	71699	89c0a9	45493f	4	280
220020000	20	0	2048	71717	71700	66b3b3	2c3528	4	300
220020000	4	0	2048	71718	71697	a9d178	646884	4	300
220020000	9	0	2048	71718	71698	c4e78f	618183	4	400
220020000	15	0	2048	71718	71699	accc7d	605c40	4	300
220020000	20	0	2048	71718	71700	b5cb9c	272f22	4	300
220020000	4	0	2048	71719	71697	b79166	568774	4	700
220020000	9	0	2048	71719	71698	e3d97b	8cb0b0	4	900
220020000	15	0	2048	71719	71699	e0d64b	a28046	4	850
220020000	20	0	2048	71719	71700	c0c73f	0e4342	4	700
220020000	4	0	2048	71720	71697	72a6c5	4e37a6	4	300
220020000	9	0	2048	71720	71698	78a5b6	4766b8	4	300
220020000	15	0	2048	71720	71699	9fc2d7	373580	4	300
220020000	20	0	2048	71720	71700	9daad7	272338	4	300
220020000	9	0	2048	71721	71698	ccc5eb	39869f	4	900
220020000	15	0	2048	71721	71699	929ae2	dead65	4	900
220020000	20	0	2048	71721	71700	aca8d0	363d3d	4	250
220020000	4	0	2048	71721	71697	929ae2	ce6fbb	4	700
220030000	4	0	2048	0	71600	9faab5	12145c	4	1100
220030000	9	0	2048	0	71601	b7c0c8	4f242b	4	1100
220030000	15	0	2048	0	71602	aa9fb5	311711	4	1100
220030000	20	0	2048	0	71603	8e98a6	12145c	4	1100
220030000	4	0	2048	71594	71600	7decec	2f4071	1	320
220030000	9	0	2048	71594	71601	7decec	9dbff7	1	340
220030000	15	0	2048	71594	71602	96d396	2f7140	1	320
220030000	20	0	2048	71594	71603	33aed7	1f3a4b	1	300
220030000	4	0	2048	71596	71600	7dec99	2f7150	1	180
220030000	9	0	2048	71596	71601	7dec99	9eebce	1	200
220030000	15	0	2048	71596	71602	d0ec7d	687540	1	180
220030000	20	0	2048	71596	71603	53c670	225768	1	160
220030000	4	0	2048	71597	71600	b5aebb	594db3	16	280
220030000	9	0	2048	71597	71601	afbee4	aacaea	16	250
220030000	15	0	2048	71597	71602	b7b788	809f60	16	240
220030000	20	0	2048	71597	71603	96bcd3	353980	16	250
220030000	4	0	2048	71598	71600	b5aebb	584ab5	4	500
220030000	9	0	2048	71598	71601	afbee4	b3cfec	4	550
220030000	15	0	2048	71598	71602	cdaf92	9f6260	4	620
220030000	20	0	2048	71598	71603	96a6d3	353580	4	400
220030000	4	0	2048	71633	71600	92a4ed	4b4b7e	4	180
220030000	9	0	2048	71633	71601	b7d0ff	b5bbea	4	190
220030000	15	0	2048	71633	71602	bca3a6	4e3d4e	4	180
220030000	20	0	2048	71633	71603	7da5cc	223468	4	190
220030000	4	0	2048	71631	71600	7ab5ef	325e78	16	650
220030000	9	0	2048	71631	71601	80dfff	a0d7e9	16	700
220030000	15	0	2048	71631	71602	7aefd2	477238	16	720
220030000	20	0	2048	71631	71603	71eeee	2c4a69	16	600
220030000	4	0	2048	71630	71600	9898e7	5b4b89	4	400
220030000	9	0	2048	71630	71601	a78df1	baa9eb	4	380
220030000	15	0	2048	71630	71602	8383e7	60447b	4	400
220030000	20	0	2048	71630	71603	7474f5	3c3c84	4	390
220030000	4	0	2048	71629	71600	bbed67	575c4e	4	320
220030000	9	0	2048	71629	71601	dced67	aeb1bb	4	350
220030000	15	0	2048	71629	71602	cda787	5f4836	4	320
220030000	20	0	2048	71629	71603	67ed89	4e5c52	4	300
220030000	4	0	2048	71632	71600	b79fdb	504080	4	165
220030000	9	0	2048	71632	71601	a4b0d0	ddb5ea	4	250
220030000	15	0	2048	71632	71602	bd94cb	956b6a	4	170
220030000	20	0	2048	71632	71603	8f87cd	2d2d68	4	180
220030000	4	0	2048	71634	71600	8e9fd0	60785c	4	190
220030000	9	0	2048	71634	71601	abd5aa	c6e6a6	4	200
220030000	15	0	2048	71634	71602	dacf85	5f7025	4	190
220030000	20	0	2048	71634	71603	73b9d0	1d5858	4	220
220030000	4	0	2048	71636	71600	91a4ed	4b4b7e	4	200
220030000	9	0	2048	71636	71601	b7d1ff	b5bbea	4	190
220030000	15	0	2048	71636	71602	bca3a6	4a3a35	4	190
220030000	20	0	2048	71636	71603	859bcf	323a78	4	200
220030000	4	0	2048	71638	71600	cac080	326d39	4	450
220030000	9	0	2048	71638	71601	fffccf	a5e386	4	500
220030000	15	0	2048	71638	71602	f1d4ad	688015	4	480
220030000	20	0	2048	71638	71603	73c8c8	165f3a	4	450
220030000	4	0	2048	71637	71600	c6db84	4b4134	4	220
220030000	9	0	2048	71637	71601	f4f1b5	e2d8ab	4	220
220030000	15	0	2048	71637	71602	caca80	565629	4	210
220030000	20	0	2048	71637	71603	73b9d0	1d5858	4	220
220030000	4	0	2048	71635	71600	969fd3	70609f	4	165
220030000	9	0	2048	71635	71601	a4b0d0	ddb5ea	4	170
220030000	15	0	2048	71635	71602	cba294	9a6665	4	180
220030000	20	0	2048	71635	71603	8496cc	2c2c69	4	175
220030000	4	0	2048	71639	71600	aca3c7	323278	4	500
220030000	9	0	2048	71639	71601	95b9bf	8cbfdd	1	600
220030000	15	0	2048	71639	71602	b1aba3	856a95	1	550
220030000	20	0	2048	71639	71603	85a5c5	14172c	1	500
220030000	4	0	2048	71641	71600	d5c6bf	4b5f5f	4	80
220030000	9	0	2048	71641	71601	dccab8	4b5f5f	4	80
220030000	15	0	2048	71641	71602	d5c7bf	4b5f55	4	80
220030000	20	0	2048	71641	71603	d5c7bf	4b555f	4	80
220030000	4	0	2048	71722	71600	d5c6bf	4b5f5f	4	40
220030000	9	0	2048	71722	71601	dccab8	4b5f5f	4	40
220030000	15	0	2048	71722	71602	d5c7bf	4b5f55	4	40
220030000	20	0	2048	71722	71603	d5c7bf	4b555f	4	40
220030000	4	0	2048	71723	71600	d5bfd5	5e4d5e	4	90
220030000	9	0	2048	71723	71601	dccab8	5f554b	4	90
220030000	15	0	2048	71723	71602	d5d5bf	5f5f4b	4	90
220030000	20	0	2048	71723	71603	bfcad5	4b535f	4	90
220030000	4	0	2048	71724	71600	decab6	823f28	4	105
220030000	9	0	2048	71724	71601	decfb6	8a3a20	4	105
220030000	15	0	2048	71724	71602	decab6	874823	4	105
220030000	20	0	2048	71724	71603	decab6	8a3a20	4	105
220040000	4	0	1024	0	71625	bfbfbf	585858	4	600
220040000	9	0	1024	0	71626	959391	abaaa9	4	600
220040000	15	0	1024	0	71627	859e9c	525252	4	600
220040000	20	0	1024	0	71628	c3c3c3	1a1a1a	4	600
220040000	4	0	1024	71621	71725	a47ebe	4b68b4	4	250
220040000	9	0	1024	71621	71726	b4aed9	75a3d5	4	220
220040000	15	0	1024	71621	71727	b4a6e1	5044bb	4	250
220040000	20	0	1024	71621	71728	6a6ad2	314e84	4	250
220040000	4	0	1024	71618	71725	b98c99	1a1a26	4	450
220040000	9	0	1024	71618	71726	b98c99	242b31	4	600
220040000	15	0	1024	71618	71727	b98c99	301016	4	600
220040000	20	0	1024	71618	71728	b0808e	1a1522	4	600
220040000	4	0	1024	71623	71725	7070a0	333348	4	450
220040000	9	0	1024	71623	71726	a3acc7	536268	4	600
220040000	15	0	1024	71623	71727	9c8474	484848	4	600
220040000	20	0	1024	71623	71728	628088	1a1f2f	4	450
220040000	4	0	1024	71620	71725	667e8c	494956	4	1024
220040000	9	0	1024	71620	71726	97afbd	657d96	4	900
220040000	15	0	1024	71620	71727	7d798e	1f1e24	4	1200
220040000	20	0	1024	71620	71728	797e8e	171822	4	900
220040000	4	0	1024	71622	71725	95885e	232329	4	300
220040000	9	0	1024	71622	71726	997e59	303036	4	300
220040000	15	0	1024	71622	71727	986f5c	3e3849	4	300
220040000	20	0	1024	71622	71728	977c5b	1a1834	4	300
220040000	4	0	1024	71619	71725	80886a	333348	4	600
220040000	9	0	1024	71619	71726	b3b38a	536268	4	600
220040000	15	0	1024	71619	71727	878d65	504841	4	600
220040000	20	0	1024	71619	71728	6c8670	1a1f2f	4	600
220040000	4	0	1024	71624	71725	87b7cd	24262d	4	600
220040000	9	0	1024	71624	71726	86c1ce	546d81	4	500
220040000	15	0	1024	71624	71727	87accd	353a5b	4	600
220040000	20	0	1024	71624	71728	71a9c4	1a1b2f	4	600
220040000	4	0	1024	71655	71725	7377aa	232334	4	600
220040000	9	0	1024	71655	71726	98abc2	738893	4	600
220040000	15	0	1024	71655	71727	7169b4	3f3647	4	600
220040000	20	0	1024	71655	71728	6985b4	232334	4	600
220040000	4	0	1024	71656	71725	777799	333348	4	400
220040000	9	0	1024	71656	71726	adadbc	395362	4	550
220040000	15	0	1024	71656	71727	76699c	454051	4	450
220040000	20	0	1024	71656	71728	6b6d85	1a1f2f	4	650
220040000	4	0	1024	71634	71725	678c3e	212521	4	200
220040000	9	0	1024	71634	71726	769a2c	102123	4	200
220040000	15	0	1024	71634	71727	418965	1a1722	4	200
220040000	20	0	1024	71634	71728	728842	0e1b15	4	200
220040000	4	0	1024	71636	71725	4d97a4	74dcd7	4	450
220040000	9	0	1024	71636	71726	4aa6a4	5ad1ef	4	450
220040000	15	0	1024	71636	71727	5b8e80	47c0a3	4	450
220040000	20	0	1024	71636	71728	309cc0	0c2e2c	4	450
220040000	4	0	1024	71638	71725	6f7c84	313139	4	450
220040000	9	0	1024	71638	71726	77829d	57606c	4	450
220040000	15	0	1024	71638	71727	7e798e	434051	4	450
220040000	20	0	1024	71638	71728	797e8e	151d28	4	450
220040000	4	0	1024	71637	71725	667e8e	1d1c1b	4	450
220040000	9	0	1024	71637	71726	77829d	2c3543	4	450
220040000	15	0	1024	71637	71727	7e798e	434051	4	600
220040000	20	0	1024	71637	71728	4b5674	1e2433	4	450
220040000	4	0	1024	71635	71725	707c85	2e353f	4	400
220040000	9	0	1024	71635	71726	77829d	57606c	4	450
220040000	15	0	1024	71635	71727	7e798e	2f2d39	4	450
220040000	20	0	1024	71635	71728	485e77	121723	4	450
220040000	4	0	1024	71639	71725	627b4f	27342d	4	450
220040000	9	0	1024	71639	71726	7c8855	334548	4	450
220040000	15	0	1024	71639	71727	757753	37312f	4	400
220040000	20	0	1024	71639	71728	6d7753	121816	4	450
220040000	4	0	1024	71641	71725	6787dc	405662	4	600
220040000	9	0	1024	71641	71726	9f9fe8	3e4643	4	600
220040000	15	0	1024	71641	71727	bd926f	462d28	4	500
220040000	20	0	1024	71641	71728	695fb1	20222b	4	600
220050000	4	0	2048	0	71729	a9bec0	a8a8a8	4	500
220050000	9	0	2048	0	71730	cdd6d3	c1c1c1	4	550
220050000	15	0	2048	0	71731	a0d3de	92979a	4	650
220050000	20	0	2048	0	71732	cfd6dc	3f3f3f	4	450
220050000	4	0	2048	71733	71729	6a97ae	7485a0	4	900
220050000	9	0	2048	71733	71730	7cb1dc	6194a7	4	800
220050000	15	0	2048	71733	71731	7c989a	535e6a	4	650
220050000	20	0	2048	71733	71732	628eb3	1a2528	4	650
220050000	4	0	2048	71734	71729	c0c0c0	6995bc	4	200
220050000	9	0	2048	71734	71730	c1c9db	76a8b6	4	700
220050000	15	0	2048	71734	71731	ceb0bd	4a3737	16	550
220050000	20	0	2048	71734	71732	8d8eab	1d1821	4	550
220050000	4	0	2048	71735	71729	b3caff	474260	1	300
220050000	9	0	2048	71735	71730	a7bdfa	486375	1	500
220050000	15	0	2048	71735	71731	b79393	403535	4	550
220050000	20	0	2048	71735	71732	9b94e2	231d29	10	650
220050000	4	0	2048	71736	71729	a6a6ec	443736	4	400
220050000	9	0	2048	71736	71730	b1b1f8	3f5663	4	900
220050000	15	0	2048	71736	71731	ab9a94	3e352d	4	800
220050000	20	0	2048	71736	71732	8e89eb	1d2730	4	400
220050000	4	0	2048	71737	71729	7098e2	8a6057	4	500
220050000	9	0	2048	71737	71730	e6bbae	334643	4	400
220050000	15	0	2048	71737	71731	968db1	5b2626	4	500
220050000	20	0	2048	71737	71732	a68dab	221111	4	350
220050000	4	0	2048	71738	71729	7996c6	494664	4	220
220050000	9	0	2048	71738	71730	a0a3e4	44617b	4	700
220050000	20	0	2048	71738	71732	918cac	272127	4	400
220050000	4	0	2048	71739	71729	8d85ba	6a81ae	0	400
220050000	9	0	2048	71739	71730	abacc9	6178af	4	950
220050000	15	0	2048	71739	71731	a77bac	523f61	4	700
220050000	20	0	2048	71739	71732	7c86ba	29313d	4	400
220050000	4	0	2048	71740	71729	938cb3	8f9398	4	450
220050000	9	0	2048	71740	71730	8c9fb3	85b1bc	4	900
220050000	15	0	2048	71740	71731	b8b092	97806a	4	700
220050000	20	0	2048	71740	71732	9b94be	262536	4	350
220050000	4	0	2048	71741	71729	9487c9	4e557c	4	450
220050000	9	0	2048	71741	71730	9aabaf	6d828b	4	950
220050000	15	0	2048	71741	71731	b099a2	3d5c49	4	650
220050000	20	0	2048	71741	71732	8193b8	242b26	5	350
220050000	4	0	1024	71742	71729	8d8ebc	4d628c	4	500
220050000	9	0	2048	71742	71730	919fb9	5b8c95	4	700
220050000	15	0	2048	71742	71731	ab9a94	624137	4	650
220050000	20	0	2048	71742	71732	8b8fad	272834	4	450
220050000	4	0	2048	71743	71697	a0d3de	8797cd	4	550
220050000	9	0	2048	71743	71698	d2fbf5	7cbe9d	4	550
220050000	15	0	2048	71743	71699	a0d3de	609f80	4	650
220050000	20	0	2048	71743	71700	c9dae2	284235	4	450
220050000	4	0	2048	71744	71697	a9bec0	a8a8a8	4	500
220050000	9	0	2048	71744	71698	cdd6d3	c1c1c1	4	550
220050000	15	0	2048	71744	71699	a0d3de	92979a	4	650
220050000	20	0	2048	71744	71700	cfd6dc	3f3f3f	4	450
220050000	4	0	2048	71745	71729	91adae	405457	0	250
220050000	9	0	2048	71745	71730	9a93ac	4b4354	0	350
220050000	15	0	2048	71745	71731	adb694	31261e	0	300
220050000	20	0	2048	71745	71732	6d9ccb	24212c	0	200
220050000	4	0	2048	71685	71729	99bdc1	2c3832	3	400
220050000	9	0	2048	71685	71730	a2b1b3	426c69	4	550
220050000	15	0	2048	71685	71731	b9b49b	4b3c2e	4	650
220050000	20	0	2048	71685	71732	7db0bb	1d2c28	4	450
220050000	4	0	2048	71746	71729	a4a5d9	443d7a	4	550
220050000	9	0	2048	71746	71730	d2fbf5	5f9a7c	4	600
220050000	15	0	2048	71746	71731	cfa798	5b3c3d	4	650
220050000	20	0	2048	71746	71732	7a85be	271b26	4	450
220050000	4	0	2048	71747	71729	6793f8	252949	1	600
220050000	9	0	2048	71747	71730	afcfc8	28596f	1	700
220050000	15	0	2048	71747	71731	aac491	33211a	4	500
220050000	20	0	2048	71747	71732	826fd0	160c0c	10	400
220050000	15	0	2048	71738	71731	d6ab8f	8a5039	4	500
220050000	4	0	2048	71748	71729	ad96d3	c08b85	0	550
220050000	9	0	2048	71748	71730	eee1eb	526098	10	850
220050000	15	0	2048	71748	71731	ddb6ac	472736	0	650
220050000	20	0	2048	71748	71732	8f95cf	101f21	0	500
220050000	4	0	2048	71749	71729	ad93dd	684471	0	450
220050000	9	0	2048	71749	71730	f3cdc0	62559b	1	550
220050000	15	0	2048	71749	71731	d1aba3	542943	0	600
220050000	20	0	2048	71749	71732	9885e4	392e4e	0	350
220050000	4	0	2048	71750	71729	da8fbc	937b9d	5	250
220050000	9	0	2048	71750	71730	fccdad	7a4a97	20	500
220050000	15	0	2048	71750	71731	d0999a	935e1c	10	600
220050000	20	0	2048	71750	71732	b79d9d	301d2c	0	350
220070000	4	0	2048	0	71751	a0a3d3	c5b1fc	4	800
220070000	9	0	2048	0	71752	d0dae3	abccfa	4	800
220070000	17	0	2048	0	71753	c5b3a5	f0cf99	4	800
220070000	22	0	2048	0	71754	80a6d5	3a8acb	4	750
220070000	4	0	2048	71755	71751	878acb	a578dc	4	700
220070000	9	0	2048	71755	71752	e6dba8	9ddee6	10	900
220070000	17	0	2048	71755	71753	cfaf9a	dca3af	10	800
220070000	22	0	2048	71755	71754	80a4a0	305a9a	4	650
220070000	4	0	2048	71756	71751	a0a3d3	ae81e7	4	450
220070000	9	0	2048	71756	71752	aecfd7	b3eacf	4	500
220070000	17	0	2048	71756	71753	be9c8d	eecd8e	4	450
220070000	22	0	2048	71756	71754	80a6d5	5174a8	4	450
220070000	4	0	2048	71757	71751	9da0d2	7eb3f1	4	950
220070000	9	0	2048	71757	71752	c0b8e2	8edcfd	10	950
220070000	17	0	2048	71757	71753	9b8abf	abbdde	4	950
220070000	22	0	2048	71757	71754	5c81b8	599cd2	4	950
220070000	4	0	2048	71758	71751	63b6cb	5e79b3	4	650
220070000	9	0	2048	71758	71752	ede0a5	b5d7a8	6	700
220070000	17	0	2048	71758	71753	c2a69e	de8f99	4	650
220070000	22	0	2048	71758	71754	5b7baa	494f7a	4	750
220070000	4	0	2048	71759	71751	aca0d3	ccb1fc	4	700
220070000	9	0	2048	71759	71752	cfe8cc	b0ecfb	4	800
220070000	17	0	2048	71759	71753	d0b899	dcaf74	4	700
220070000	22	0	2048	71759	71754	80a6d5	3a8acb	4	750
220070000	4	0	2048	71760	71751	8a98b3	b6c891	10	450
220070000	9	0	2048	71760	71752	cee9ad	84d9db	4	600
220070000	17	0	2048	71760	71753	d6cf94	9ec480	4	550
220070000	22	0	2048	71760	71754	acc6d2	3a614e	4	450
220070000	4	0	2048	71761	71751	8eb6e6	abb9e7	4	600
220070000	9	0	2048	71761	71752	d0dae3	94cff3	4	800
220070000	17	0	2048	71761	71753	c5b3a5	f0cf99	4	800
220070000	22	0	2048	71761	71754	a7a8e0	654dd7	4	700
220070000	4	0	2048	71762	71751	a0a3d3	c5b1fc	4	500
220070000	9	0	2048	71762	71752	d0dae3	aae2fb	4	800
220070000	17	0	2048	71762	71753	c5b3a5	ecb664	4	800
220070000	22	0	2048	71762	71754	80a6d5	4b5bcd	4	600
220070000	4	0	2048	71763	71751	a0a3d3	9a9ae9	3	500
220070000	9	0	2048	71763	71752	cad6df	abf2fa	4	650
220070000	17	0	2048	71763	71753	c5b3a5	ecc27d	4	600
220070000	22	0	2048	71763	71754	b0a4e3	7054b1	4	600
220070000	4	0	2048	71764	71751	a0a3d3	c5b1fc	3	600
220070000	9	0	2048	71764	71752	d0dae3	aaedfb	4	800
220070000	17	0	2048	71764	71753	c5b3a5	e1a035	4	800
220070000	22	0	2048	71764	71754	80a6d5	3a8acb	4	750
220070000	4	0	2048	71765	71751	a0a3d3	c5b1fc	4	600
220070000	9	0	2048	71765	71752	d0dae3	abccfa	4	750
220070000	17	0	2048	71765	71753	c5b3a5	f3c09a	4	800
220070000	22	0	2048	71765	71754	bdb8eb	6953d5	4	650
220070000	4	0	2048	71766	71751	a0a3d3	c5b1fc	4	600
220070000	9	0	2048	71766	71752	d0dae3	abccfa	4	750
220070000	17	0	2048	71766	71753	c5b3a5	f0cf99	4	700
220070000	22	0	2048	71766	71754	80a6d5	3a8acb	4	750
220070000	4	0	2048	71767	71751	9396cc	8d71f0	4	600
220070000	9	0	2048	71767	71752	fadfba	e2bd7e	4	750
220070000	17	0	2048	71767	71753	f2ce8c	e48d58	4	700
220070000	22	0	2048	71767	71754	e7bef5	595cc6	4	650
220070000	6	0	2048	71768	0	e2c6a3	db8042	3	100
220070000	6	0	2048	71769	0	c4cfb4	a0c179	3	100
220070000	6	0	2048	71770	0	e7d8e6	9458a7	4	100
220070000	6	0	2048	71771	0	d9c6b9	ae8b51	4	100
220070000	4	0	2048	71772	71751	9f96d3	ab89fa	4	500
220070000	9	0	2048	71772	71752	f7c095	bcadf8	10	700
220070000	17	0	2048	71772	71753	cfaf9a	dca3af	4	500
220070000	22	0	2048	71772	71754	89aba8	305a9a	4	500
220070000	4	0	2048	71773	71751	9f96d3	ab89fa	2	400
220070000	9	0	2048	71773	71752	e3d2a4	a69df4	2	500
220070000	17	0	2048	71773	71753	cfaf9a	dca3af	2	500
220070000	22	0	2048	71773	71754	80a6d5	3a8acb	2	400
220070000	4	0	2048	71774	71751	9f96d3	ab89fa	4	300
220070000	9	0	2048	71774	71752	feeab6	fbd5aa	4	350
220070000	17	0	2048	71774	71753	cfaf9a	dca3af	4	350
220070000	22	0	2048	71774	71754	89aba8	305a9a	4	300
220070000	4	0	2048	71775	71751	677ad6	da88e6	4	700
220070000	9	0	2048	71775	71752	e6e7bc	8eccb7	10	750
220070000	17	0	2048	71775	71753	d1b7ad	de8f99	10	700
220070000	22	0	2048	71775	71754	5e82e1	3a8acb	4	700
220070000	4	0	2048	71776	71751	6d73cf	9f6bed	4	700
220070000	9	0	2048	71776	71752	f5e7ba	9ce085	4	750
220070000	17	0	2048	71776	71753	cea89f	de8f99	4	650
220070000	22	0	2048	71776	71754	5e82e1	435881	4	650
220070000	4	0	2048	71777	71751	7073da	cc6bf5	4	850
220070000	9	0	2048	71777	71752	f3e8c0	b1e68e	4	900
220070000	17	0	2048	71777	71753	cda4a0	de8f99	4	850
220070000	22	0	2048	71777	71754	5e82e1	2c5689	4	850
220070000	4	0	2048	71778	71751	9f96d3	ab89fa	4	600
220070000	9	0	2048	71778	71752	bcdaf5	ade9e0	10	700
220070000	17	0	2048	71778	71753	cfaf9a	dca3af	10	600
220070000	22	0	2048	71778	71754	89aba8	305a9a	4	600
220070000	17	0	2048	71779	71753	c5b3a5	f0cf99	4	800
300030000	6	0	2048	71780	71653	9cbcf1	1b3645	20	600
300040000	9	0	2048	71620	71781	bdb4a2	bfab8a	0	500
300040000	6	0	2048	71782	0	7c7476	493e38	15	550
300040000	22	0	2048	71621	71781	f1e3ba	acb9c8	4	700
300040000	22	0	2048	71618	71781	cfcc8f	9eabc9	20	500
300040000	22	0	2048	71619	71781	cfd5c1	6c809d	4	170
300040000	22	0	2048	71622	71781	ebaf83	b1a694	4	400
300040000	9	0	2048	71624	71781	d7cbb7	674949	4	150
300040000	22	0	2048	71623	71781	a498b1	a6abc8	0	180
300050000	9	0	2048	71783	71784	f8d1c0	96b4d3	1	165
300060000	6	0	2048	71785	71784	9dace1	314977	4	320
300070000	9	0	2048	71786	71784	efce8f	b6c0c9	1	220
300080000	6	0	2048	71787	0	b5c1ca	4979a9	25	1100
300080000	6	0	2048	71788	0	c4c5d0	8bbfc7	25	130
300090000	9	0	2048	71789	71790	d0cb8e	89abb8	1	280
300100000	6	0	2048	71791	0	e2cfb4	4a698e	10	200
300100000	6	0	2048	71792	0	e2d0b1	274554	5	150
300100000	6	0	2048	71793	0	dabba5	b17d6b	6	160
300100000	6	0	2048	71794	0	ffe895	9ceffe	20	250
300100000	6	0	2048	71795	0	e2d8b1	36a6cb	5	300
300100000	6	0	2048	71796	0	e3d1b0	b58253	5	230
300100000	6	0	2048	71797	0	f8dc9c	9ceffe	20	800
300110000	6	0	2048	71798	71784	e1bcb3	6a71ae	32	200
300110000	6	0	2048	71799	71790	e6e6e8	ffffff	32	280
300110000	6	0	2048	71800	0	accdf4	585405	10	250
300110000	6	0	2048	71801	0	a298e0	678898	32	300
300110000	6	0	2048	71802	71784	d2986c	d3772c	32	300
300110000	6	0	2048	71803	0	bcccac	705347	32	200
300110000	6	0	2048	71802	71784	bcaabf	a2598f	32	300
300110000	6	0	2048	71804	71784	d2986c	af8750	32	300
300110000	6	0	2048	71804	71784	bcaabf	a2598f	32	300
300120000	6	0	2048	71805	71784	b4bec9	8dcbc7	32	250
300120000	6	0	2048	71806	71784	c8b5b6	d3705a	32	170
300120000	6	0	2048	71807	71784	c8b5b5	dd7957	32	170
300130000	6	0	2048	71805	71790	d2c2a6	918079	32	200
300130000	6	0	2048	71806	71790	c5bfb4	ba7550	32	80
300130000	6	0	2048	71807	71790	c5bfb4	ba7550	32	80
300140000	6	0	2048	71805	71784	d6d0d9	b188ca	32	250
300140000	6	0	2048	71806	71784	c7b8b1	d56540	32	200
300140000	6	0	2048	71807	71784	c7b8b1	cf6f45	32	200
300150000	6	0	800	71808	0	96a3d3	5a48a2	20	200
300150000	6	0	800	71809	0	d3b596	a07549	20	280
300150000	6	0	800	71810	0	96cad3	60959f	20	270
300150000	6	0	500	71811	0	a796d3	5c7ac9	20	150
300150000	6	0	800	71812	0	96d3b5	478d6a	25	130
300150000	6	0	800	71813	0	d3bc96	6a359f	20	250
300150000	6	0	800	71814	0	96a0d3	6466c1	32	150
300150000	6	0	800	71815	0	ccd396	8f4945	20	200
300150000	6	0	800	71816	0	8686e3	709ac5	13	200
300150000	6	0	800	71817	0	86cce3	709ec5	13	190
300150000	6	0	800	71818	0	d3a696	9daff7	13	140
300150000	6	0	2048	71819	0	d3b596	806040	20	200
300160000	6	0	800	71820	0	869de3	585f89	20	150
300160000	6	0	800	71821	0	b586e3	59649f	12	150
300160000	6	0	800	71822	0	eeff77	3814e4	12	250
300160000	6	0	800	71823	0	eeff77	3814e4	12	250
300160000	6	0	800	71824	0	96a3d3	4b4884	20	200
300160000	6	0	800	71825	0	fff38e	5b8f94	12	400
300160000	6	0	800	71826	0	bcd396	7174ff	12	250
300160000	6	0	500	71827	0	d7e287	80ffff	20	210
300160000	6	0	500	71828	0	e3c086	8d7347	12	230
300160000	6	0	500	71829	0	96b5d3	808fbf	12	500
300160000	6	0	500	71830	0	b5d396	8fbf80	12	500
300160000	6	0	600	71831	0	b5d396	8fbf80	12	500
300160000	6	0	500	71832	0	a696d3	748acb	12	500
300160000	6	0	500	71833	0	ddb58c	d36b6b	12	500
300160000	6	0	500	71834	0	a493d7	6884d7	12	350
300160000	6	0	500	71835	0	d7bd93	cb8a74	12	300
300160000	6	0	800	71836	0	9997fd	4368b6	32	230
300160000	6	0	800	71837	0	ffa384	5f41d3	32	250
300170000	22	0	800	71838	71839	9fa4ca	6485db	10	250
300170000	22	0	800	71840	71839	9fb5ca	889ab7	10	250
300170000	6	0	800	71841	0	87c2c2	72c5c5	30	200
300170000	6	0	800	71842	0	95aed5	84bbbb	10	200
300170000	6	0	800	71843	0	9fb5ca	6f83c8	10	170
300170000	6	0	800	71844	0	cdb59c	bca58d	10	250
300170000	6	0	800	71845	0	8d91c7	65b5e0	10	500
300170000	6	0	800	71846	0	8daac7	376088	10	160
300170000	6	0	800	71847	0	bcbf95	7d8154	10	180
300170000	6	0	800	71848	0	8778a7	5a3f76	10	80
300170000	6	0	800	71849	0	a0a897	8895b7	10	350
300170000	6	0	800	71850	0	a2a6c8	6b6c94	10	800
300170000	6	0	2048	71851	0	a8c7d7	7992c6	32	900
300170000	6	0	800	71852	0	99b6d0	4f70d0	10	250
300170000	6	0	800	71853	0	dcbfad	8795b8	30	350
300170000	6	0	800	71854	0	d3ad96	928458	10	200
300170000	6	0	800	71855	0	96d3b5	579375	10	120
300170000	6	0	800	71856	0	94c4d3	4e4e9c	10	180
300170000	6	0	800	71857	0	b4b4b4	747474	10	120
300170000	6	0	800	71858	0	ccd396	9c9c4e	10	250
300170000	6	0	800	71859	0	a5a5c5	414e5a	20	300
300170000	6	0	800	71860	0	9e9ccd	8784bb	32	220
300170000	6	0	800	71861	0	c49bce	57767d	10	110
300170000	6	0	800	71862	0	9ccdc8	474e6d	10	100
300170000	6	0	800	71863	0	7c80be	85ac7b	10	25
300190000	6	0	2048	0	71658	e4ecbd	acacf0	32	400
300190000	6	0	2048	71864	71658	dcf7d2	fafec5	32	150
300190000	6	0	2048	71865	71658	f9f0e6	ded7c5	20	120
300190000	6	0	2048	71866	71658	f9f0e6	876d3f	20	170
300190000	6	0	2048	71867	71658	cedcfb	6fdbff	25	120
300190000	6	0	2048	71868	71658	c8d2b0	74d68e	15	160
300190000	6	0	2048	71869	71658	e4f5cd	6dbcfc	60	160
300190000	6	0	2048	71870	71658	fedf96	fb883c	20	200
300190000	6	0	2048	71871	71658	f7ccfd	f1fd86	40	200
300190000	6	0	2048	71872	71658	dcbdf4	d29164	30	200
300190000	6	0	2048	71873	71658	cba0f1	54e1ed	30	200
300190000	6	0	2048	71874	71658	dcf7d2	efe8c9	15	100
300190000	6	0	2048	71875	71658	f9f0e6	e28749	20	100
300200000	4	0	2048	0	71600	9faab5	1d578b	4	200
300200000	9	0	2048	0	71601	d1c2ad	83beb6	4	270
300200000	15	0	2048	0	71602	c99976	9c801b	4	230
300200000	20	0	2048	0	71603	8585af	12145c	4	200
300200000	4	0	2300	71876	71600	b3976c	d6743f	5	200
300200000	4	0	2300	71877	71600	bbcfaf	db991e	5	250
300200000	4	0	2048	71878	71600	92a9c2	3d73cd	10	300
300200000	4	0	500	71879	71600	7c86d8	3d9696	3	150
300200000	4	0	2300	71880	71600	9faab5	f1cc87	5	500
300200000	4	0	2048	71881	71600	9faab5	1d578b	4	200
300200000	9	0	2048	71881	71601	d1c2ad	81a866	4	150
300200000	15	0	2048	71881	71602	c99976	9c801b	4	230
300200000	20	0	2048	71881	71603	8585af	12145c	4	200
300200000	4	0	2300	71882	71600	b3976c	6572af	5	130
300200000	4	0	2300	71883	71600	b3976c	d7c791	5	150
300200000	4	0	2300	71884	71600	b3976c	3cae8c	5	130
300210000	6	0	2048	71798	71784	e1bcb3	6a71ae	32	200
300210000	6	0	2048	71799	71790	e6e6e8	ffffff	32	280
300210000	6	0	2048	71800	0	accdf4	585405	10	250
300210000	6	0	2048	71801	0	a298e0	678898	32	300
300210000	6	0	2048	71802	71784	d2986c	d3772c	32	300
300210000	6	0	2048	71803	0	bcccac	705347	32	200
300210000	6	0	2048	71802	71784	bcaabf	a2598f	32	300
300210000	6	0	2048	71804	71784	d2986c	af8750	32	300
300210000	6	0	2048	71804	71784	bcaabf	a2598f	32	300
300220000	0	0	2048	71885	71886	bec9d6	4577de	30	240
300220000	0	0	2048	71887	71886	a7c6d8	7acdde	5	230
300220000	0	0	2048	71888	71886	b0bac4	6376e2	30	260
300220000	0	0	2048	71889	71886	8fb4c5	337bf2	40	330
300230000	20	0	300	71826	0	699fd6	3c91c4	32	200
300230000	20	0	500	71827	0	7188e3	e2dc94	32	130
300230000	20	0	500	71890	0	7a8f9a	728be2	15	120
300230000	20	0	500	71891	0	bba059	4d5bac	10	100
300230000	20	0	500	71892	0	b8af47	65bfd6	10	180
300230000	20	0	500	71893	0	6483b0	6d44db	20	100
300230000	20	0	500	71894	71593	a4c4c6	d1dde7	30	200
300230000	30	0	500	71895	0	cd96d3	8faa73	20	200
300230000	20	0	500	71896	0	dfdf8a	a8f4fb	30	200
300230000	20	0	300	71897	71593	f9d8b0	71fafd	30	250
300230000	10	0	500	71898	0	ded68b	88c5f7	30	200
300250000	4	0	2048	0	71658	e6e6e6	808080	32	1000
300250000	17	0	2048	0	71659	afafaf	808080	32	1000
300250000	17	0	2048	71899	71659	bdbed9	caa377	32	1000
300250000	17	0	2048	71900	71659	c3bab3	323578	15	250
300250000	17	0	2048	71901	71659	bcaf9c	44509f	32	500
300250000	22	0	2048	71902	71660	d3a47c	334e8c	32	400
300250000	22	0	2043	71903	71660	ccac95	214958	15	100
300250000	17	0	2048	71904	71659	d1baa0	3e4b9b	32	250
300250000	4	0	2048	71905	71658	b7c2af	89c9e2	32	900
300250000	17	0	2048	71906	71659	a5cdc1	547acb	32	800
300250000	22	0	2048	71907	71660	bbb795	263753	32	200
300300000	6	0	1024	71908	71626	d6dcbe	98d9fc	16	350
300300000	6	0	1024	71909	71652	d9dfb5	10979a	16	280
300300000	6	0	1024	71910	71628	5968ac	284ac1	32	270
300300000	6	0	1024	71911	71912	c2e2d6	afd9ed	16	160
300300000	6	0	1024	71913	71653	e3db9b	ebc89c	12	280
300300000	6	0	1024	71914	71730	e9eaaa	91d9d9	16	500
300300000	6	0	1024	71915	71916	b5bace	605459	16	280
300320000	6	0	1024	71917	71652	d1d5ce	3ca898	15	400
300320000	6	0	1024	71918	71628	8dcbd1	2d5297	14	700
300320000	6	0	1024	71919	71626	e9eaaa	91d9d9	16	500
300320000	6	0	1024	71920	71628	aec7ca	1c605e	15	100
300320000	6	0	1024	71921	71626	ede6da	67523f	10	140
300320000	6	0	1024	71922	71626	cbcfb6	e0f7fe	16	350
300320000	6	0	1024	71923	71628	abb7cd	2e346d	10	700
300320000	6	0	1024	71924	71628	abb7cd	2e346d	10	700
300320000	6	0	1024	71925	71628	8dcbd1	2d5297	14	700
300350000	6	0	2048	71926	71697	deccb8	d79d57	12	600
300350000	6	0	2048	71927	71697	c2b6b6	0e1a47	12	128
300350000	6	0	2048	71928	0	e6ecdd	82c0e6	20	400
300350000	6	0	2048	71929	71697	a6a082	324e69	12	64
300350000	6	0	2048	71930	71931	816d61	0b1115	12	30
300350000	6	0	2048	71932	71931	6a8a9b	456a8f	12	64
300350000	6	0	2048	71933	71697	63778d	171b37	12	80
300350000	6	0	2048	71934	0	a2a5c8	1f3583	12	200
300350000	6	0	2048	71935	71931	a0ab91	255158	24	70
300350000	6	0	2048	71936	71931	a6a082	201c17	5	70
300350000	6	0	2048	71937	71931	a6a082	040a0d	5	24
300350000	6	0	2048	71938	71931	adc9c5	101b29	5	70
300350000	6	0	2048	71939	71931	89aba5	10131b	5	36
300360000	6	0	2048	71940	71700	e2e3b9	6d99a7	12	410
300360000	6	0	2048	71941	71700	a99c7e	161e36	12	140
300360000	6	0	2048	71942	0	f0efd0	a3ebf1	12	600
300360000	6	0	2048	71943	71730	d8dce0	1a2844	50	120
300360000	6	0	2048	71944	0	d8dce0	121827	10	20
300420000	6	0	2048	71926	71697	deccb8	d79d57	12	600
300420000	6	0	2048	71927	71697	c2b6b6	0e1a47	12	128
300420000	6	0	2048	71928	0	e6ecdd	82c0e6	20	400
300420000	6	0	2048	71929	71697	a6a082	324e69	12	64
300420000	6	0	2048	71930	71931	816d61	0b1115	12	30
300420000	6	0	2048	71932	71931	6a8a9b	456a8f	12	64
300420000	6	0	2048	71933	71697	63778d	171b37	12	80
300420000	6	0	2048	71934	0	a2a5c8	1f3583	12	200
300420000	6	0	2048	71935	71931	a0ab91	255158	24	70
300420000	6	0	2048	71936	71931	a6a082	201c17	5	70
300420000	6	0	2048	71937	71931	a6a082	040a0d	5	24
300420000	6	0	2048	71938	71931	adc9c5	101b29	5	70
300420000	6	0	2048	71939	71931	89aba5	10131b	5	36
300430000	6	0	2048	71940	71700	e2e3b9	6d99a7	12	410
300430000	6	0	2048	71941	71700	a99c7e	161e36	12	140
300430000	6	0	2048	71942	0	f0efd0	a3ebf1	12	600
300430000	6	0	2048	71943	71730	d8dce0	1a2844	50	120
300430000	6	0	2048	71944	0	d8dce0	121827	10	20
310010000	6	0	1024	0	71945	c9a289	37221e	4	250
310020000	6	0	1024	0	71945	c9a289	37221e	4	250
310030000	6	0	2048	0	71945	ffae88	ae1f17	4	250
310040000	6	0	2048	0	71945	ffae88	ae1f17	4	250
310050000	17	0	2048	0	71653	afafaf	808080	32	1400
310050000	6	0	2048	71946	0	eafeab	7d9768	4	100
310050000	6	0	2048	71947	0	feeaab	959768	4	100
310050000	6	0	2048	71948	0	e4cec0	978268	4	100
310050000	6	0	2048	71949	0	eafeab	7d9768	4	80
310050000	6	0	2048	71950	0	eafeab	7d9768	4	80
310050000	6	0	2048	71951	0	e3fe92	849951	4	70
310050000	6	0	2048	71952	0	abfed5	68976a	4	90
310050000	6	0	2048	71953	0	abfed5	68976a	4	90
310050000	6	0	2048	71954	0	abfefe	689782	4	90
310050000	6	0	2048	71955	0	c0d8fe	746897	4	100
310060000	4	0	2048	0	71592	a5a5a5	808080	32	1300
310060000	9	0	2048	0	71593	e6e6e6	808080	32	1400
310060000	17	0	2048	0	71595	afafaf	808080	32	1400
310060000	22	0	2048	0	71591	969696	808080	32	1300
310070000	4	0	2048	0	0	dad3dc	857a84	32	1300
310070000	9	0	2048	0	0	fff3e1	c0cef8	32	1400
310070000	17	0	2048	0	0	ebccb8	96725a	32	1400
310070000	22	0	2048	0	0	82a0bd	0a151b	32	1300
310070000	4	0	2048	71696	0	83a78d	1f3d28	8	65
310070000	9	0	2048	71696	0	93ab7e	2d3d1f	8	65
310070000	17	0	2048	71696	0	aba37e	3d361f	8	65
310070000	22	0	2048	71696	0	818ba9	1f253d	8	65
310080000	6	0	2048	0	0	98b375	2c7dcf	4	135
310090000	6	0	2048	0	0	c9c9c9	536255	4	700
310100000	6	0	2048	0	71784	ffffff	0a1841	4	700
310110000	6	0	2048	71956	0	a79883	83403a	25	110
310110000	6	0	2048	71957	0	70bab8	3996b9	15	150
310110000	6	0	2048	71958	0	8fafa5	36726f	20	190
310110000	6	0	2048	71959	0	7e8bab	1a4f68	2	130
310110000	6	0	2048	71960	0	83a7a3	2c759c	20	110
310110000	6	0	2048	71961	0	a79883	764938	20	110
310110000	6	0	2048	71962	0	8496a6	475087	20	110
310110000	6	0	2048	71963	0	877e96	375942	30	170
310110000	6	0	2048	71964	0	b19978	694627	20	140
310110000	6	0	2048	71965	0	7895b1	306dc9	10	130
310110000	6	0	2048	71966	0	8596a5	3d4f74	20	190
310110000	6	0	2048	71967	0	97a2bd	1e213e	50	250
310110000	6	0	2048	71968	0	7392a2	30543d	20	60
310120000	6	0	1024	0	71945	c9a289	37221e	4	250
320010000	6	0	1024	0	71945	c9a289	37221e	4	250
320020000	6	0	1024	0	71945	c9a289	37221e	4	250
320030000	6	0	2048	0	71945	ffae88	ae1f17	4	250
320040000	6	0	2048	0	71945	ffae88	ae1f17	4	250
320050000	9	0	2048	0	0	feecc7	aed1f9	32	1500
320060000	4	0	2048	0	71600	dad3dc	7b4f74	32	1300
320060000	9	0	2048	0	71601	fff3e1	8ca5ad	32	1400
320060000	17	0	2048	0	71602	ebccb8	ab6d45	32	1400
320060000	22	0	2048	0	71603	82a0bd	08485a	32	1300
320070000	12	0	2048	0	71603	c8ccec	25305a	32	1300
320080000	6	0	2048	0	71931	737373	40536a	32	450
320080000	6	0	800	71969	71931	657b94	88e0e8	60	200
320080000	6	0	2048	71970	71931	9f6b48	d15454	30	250
320080000	6	0	2048	71971	71931	a64d53	bb816a	30	250
320080000	6	0	2048	71970	71931	bf6242	ebb583	30	250
320080000	6	0	2048	71972	71931	917862	514453	40	100
320080000	6	0	800	71973	71931	837050	88aa9c	30	200
320080000	6	0	2048	71974	71931	bd685b	3c6688	40	130
320080000	6	0	2048	71975	71931	9f6b48	b44529	30	250
320080000	6	0	2048	71976	71931	3a5846	322f53	30	130
320080000	6	0	2048	71977	71931	746a43	987054	80	230
320080000	6	0	800	71978	71931	628291	99eccf	40	200
320080000	6	0	2048	71979	71931	945454	6a3550	30	300
320090000	6	0	2048	0	0	e7b665	351674	4	135
320100000	6	0	1024	0	0	356c68	fea36b	8	500
320100000	6	0	1024	71980	0	d67061	98431f	8	150
320100000	6	0	1024	71981	0	d8ce5f	737443	8	120
320100000	6	0	1024	71982	0	8b7dd7	484275	8	120
320100000	6	0	1024	71983	0	a4c86f	4e7126	8	100
320100000	6	0	1024	71984	0	cd7669	98431f	8	100
320100000	6	0	1024	71985	0	73abc4	746d43	8	150
320100000	6	0	1024	71986	0	a4d066	506764	8	80
320100000	6	0	1024	71987	0	ceb568	706a47	8	100
320100000	6	0	1024	71988	0	cea068	706647	8	100
320100000	6	0	1024	71989	0	c9856d	855732	8	150
320100000	6	0	1024	71990	0	8097d5	3d517a	8	100
320110000	6	0	2048	0	0	ffffff	808080	32	1024
320110000	6	0	2048	71946	0	d5e6c4	587c58	4	120
320110000	6	0	2048	71947	0	c4e6cc	587c6a	4	120
320110000	6	0	2048	71948	0	e6e6c4	6a7c58	4	120
320110000	6	0	2048	71949	0	d5efba	587c6a	4	120
320120000	6	0	2048	71991	0	638ee9	25487c	4	110
320120000	6	0	2048	71992	0	e7b665	3c2466	4	120
320120000	6	0	2048	71993	0	e7b665	7a2b10	4	135
320130000	4	0	2048	0	71729	a9bec0	a8a8a8	4	500
320130000	9	0	2048	0	71730	cdd6d3	c1c1c1	4	550
320130000	15	0	2048	0	71731	a0d3de	92979a	4	650
320130000	20	0	2048	0	71732	cfd6dc	3f3f3f	4	450
320130000	20	0	200	71994	71995	89acb6	21274b	2	75
320130000	20	0	200	71996	71995	779d92	464f22	8	130
320130000	20	0	200	71997	71995	7f7f7f	464f22	5	120
320130000	20	0	200	71998	71995	7eab8d	43496b	10	180
320130000	20	0	200	71999	71995	9ea76d	433c1b	5	110
320130000	20	0	200	72000	71995	a49986	62502f	20	150
320130000	20	0	200	72001	71995	7b998e	17393e	20	130
320130000	20	0	200	72002	71995	8f9a8f	755831	20	170
320130000	20	0	200	72003	71995	8d9c8e	595a45	10	110
320130000	20	0	200	72004	71995	a4b0a5	1c4044	20	130
320130000	20	0	200	72005	71995	87a38e	58a79d	20	200
320130000	20	0	200	72006	71995	8c9669	4e5025	10	200
320130000	20	0	200	72007	71995	a4aab0	1b3345	20	210
320130000	20	0	200	72008	71995	798976	4e5025	10	200
320130000	20	0	200	72009	71995	6a7680	2c363f	20	140
320130000	20	0	200	72010	71995	8094aa	314566	20	200
320130000	20	0	200	72011	71995	767789	2d2c3f	20	140
320140000	6	0	1024	0	71945	c9a289	37221e	4	250
320150000	6	0	2048	72012	72013	8babab	212c3a	8	300
400010000	6	0	2048	72014	71790	ead8bf	381418	1	800
400010000	6	0	2048	72015	71790	bac9ef	2b3439	0	800
400010000	6	0	2048	72016	71790	f9b8b0	7d421a	0	800
400010000	6	0	2048	72017	71790	f9b8b0	7c421b	0	800
400010000	6	0	2048	72018	71790	bac9ef	2b3439	0	800
400010000	6	0	2048	72019	71790	f9b3b0	2f0d0b	1	1000
400010000	6	0	2048	72020	71790	cad5df	4b6369	1	150
400010000	6	0	2048	72021	71790	cadfd5	4b6953	1	150
400010000	6	0	2048	72022	71790	cacadf	4b5369	1	150
400010000	6	0	2048	72023	71784	95bdff	0a1841	1	1024
400010000	6	0	2048	72024	71784	80afff	0b2260	1	900
400010000	6	0	2048	72025	71784	baceef	637ec7	1	150
400010000	6	0	2048	72026	72027	cbc19e	887e62	1	850
400010000	6	0	2048	72028	72027	c4d297	887e62	1	1000
400010000	6	0	2048	72029	72027	96c5d3	55b5d5	1	150
400010000	6	0	2048	72030	71784	d0c1e8	160d28	1	1000
400010000	6	0	2048	72031	71784	d5b3f7	24072e	1	1000
400010000	6	0	2048	72032	71784	dde1df	0a1841	1	1000
400010000	6	0	2048	72033	71784	dde1e1	0a1841	1	1000
400010000	6	0	2048	72034	71784	aaffd5	0a1841	1	1000
400010000	6	0	2048	72035	71784	b7f2f2	0a1841	1	1000
400010000	6	0	2048	72036	71790	d5eabf	2f0d0b	1	1000
400010000	6	0	2048	72037	72038	eadabf	a7d1fc	1	1000
400010000	6	0	2048	72039	72038	d7caf4	88b7ad	1	150
400010000	6	0	2048	72040	71790	b8c8f1	2f0d0b	1	1500
400010000	6	0	2048	72041	71784	aad5ff	0c1c4b	1	1800
400010000	6	0	2048	72042	71784	eddbbc	726958	1	150
400010000	6	0	2048	72043	71784	e4c7c5	6f6766	1	150
400010000	6	0	2048	72044	71784	ead9bf	152142	1	1000
400010000	6	0	2048	72045	72027	cbd5bf	ced9a6	1	150
400010000	6	0	2048	72046	71784	adcbfc	101e45	1	1500
400010000	6	0	2048	72047	71784	d7d7fd	58587c	1	600
400010000	6	0	2048	72048	72038	ead9bf	a7d1fc	1	1500
400010000	6	0	2048	72049	71784	f8eddc	a7d1fc	1	600
400010000	6	0	2048	72050	71784	aad5ff	0c1c4b	1	1800
600010000	6	0	800	72051	71658	e4ceaf	86dce3	15	300
600010000	6	0	800	72052	71658	a4a6c6	bdebf2	32	300
600010000	6	0	800	72053	71658	f5eed3	d7f2fb	32	400
600010000	6	0	800	72054	71658	ffffff	8bcfed	32	400
600010000	6	0	800	72055	71658	c5a570	aebc78	32	300
600010000	6	0	800	72056	71658	ffffff	808080	32	300
600010000	6	0	800	72057	71658	85af9e	9cbd97	32	300
600010000	6	0	800	72058	71658	b5b6d0	b8d8e4	32	300
600010000	6	0	800	72059	71658	eabf95	a5dab3	32	300
600010000	6	0	800	72060	71658	a4addb	a7e0eb	32	300
600010000	6	0	800	72061	71658	859caf	a4bfdb	32	450
600010000	6	0	800	72062	71658	70c5c5	759abf	32	350
600010000	6	0	800	72063	71658	68a9cc	95c0d0	32	300
600010000	6	0	800	72064	71658	70a7c5	95c0d0	32	300
600010000	6	0	800	72065	71658	70a7c5	95c0d0	32	300
600010000	6	0	800	72066	71658	78bc89	a8c6a8	32	200
600010000	6	0	800	72067	71658	78bc89	a8c6a8	32	300
600010000	6	0	800	72068	71658	78bc89	a8c6a8	32	300

 