5	1335	
id	name	type	loop	filename
int	string	int	int	string
110010000	67383	0	1	67384
110010000	67383	1	1	67385
110010000	67383	0	1	67386
110010000	67383	1	1	67387
110010000	67383	0	1	67388
110010000	67383	1	1	67389
110010000	67383	0	1	67390
110010000	67383	1	1	67391
110010000	67392	0	0	0
110010000	67393	0	1	67394
110010000	67393	1	1	67385
110010000	67395	0	1	67396
110010000	67395	1	1	67387
110010000	67397	0	1	67398
110010000	67399	0	1	67400
110010000	67401	0	1	67402
110010000	67403	0	0	67404
110010000	67405	0	0	67406
110010000	67407	0	0	67408
110010000	67409	0	0	67410
110010000	67411	0	0	67412
110010000	67413	0	0	67414
110010000	67415	0	0	67416
110010000	67417	0	0	67418
110010000	67419	0	0	67420
110010000	67421	0	0	67422
110010000	67423	0	1	67424
110010000	67425	0	1	67422
110010000	67425	0	1	67426
110010000	67427	0	0	67428
110020000	67161	0	0	67429
110020000	67430	0	0	0
120010000	67392	0	0	0
120010000	67431	0	1	67432
120010000	67431	1	1	67385
120010000	67431	0	1	67433
120010000	67431	1	1	67387
120010000	67431	0	1	67434
120010000	67431	1	1	67389
120010000	67431	0	1	67435
120010000	67431	1	1	67391
120010000	67431	0	1	67436
120010000	67431	1	1	67385
120010000	67431	0	1	67437
120010000	67431	1	1	67387
120010000	67431	0	1	67390
120010000	67431	1	1	67389
120010000	67438	0	1	67439
120010000	67440	0	1	67441
120010000	67442	0	1	67443
120010000	67444	0	1	67445
120010000	67446	0	0	67447
120010000	67448	0	1	67449
120010000	67450	0	1	67451
120010000	67452	0	1	67453
120010000	67454	0	0	67455
120010000	67456	0	0	67457
120010000	67458	0	0	67459
120010000	67460	0	0	67461
120010000	67462	0	0	67463
120010000	67464	0	0	67465
120010000	67466	0	0	67467
120010000	67468	0	0	67469
120010000	67470	0	0	67471
120010000	67472	0	0	67473
120010000	67474	0	0	67475
120010000	67476	0	0	67477
120020000	67166	0	0	67478
120020000	67430	0	0	0
110070000	67430	0	0	0
110070000	67479	0	0	67480
120080000	67430	0	0	0
120080000	67481	0	0	67482
210010000	67392	0	0	0
210010000	67483	0	1	67484
210010000	67483	0	1	67485
210010000	67483	0	1	67486
210010000	67483	0	1	67487
210010000	67483	-1	1	67488
210010000	67489	0	1	67490
210010000	67489	0	1	67491
210010000	67489	0	1	67492
210010000	67489	-1	1	67488
210010000	67493	0	0	67494
210010000	67495	0	0	67496
210010000	67497	0	1	67498
210010000	67497	0	1	67499
210010000	67497	0	1	67500
210010000	67497	-1	1	67488
210010000	67501	0	1	67502
210010000	67501	0	1	67503
210010000	67501	0	1	67504
210010000	67501	-1	1	67505
210010000	67506	0	1	67507
210010000	67506	0	1	67508
210010000	67506	-1	1	67509
210010000	67510	0	1	67511
210010000	67510	-1	1	67509
210010000	67512	0	1	67513
210010000	67512	0	1	67514
210010000	67512	0	1	67515
210010000	67512	-1	1	67509
210010000	67516	0	1	67517
210010000	67516	0	1	67518
210010000	67516	-1	1	67519
210010000	67520	0	1	67521
210010000	67520	-1	1	67522
210010000	67523	0	1	67524
210010000	67523	-1	1	67525
210020000	67392	0	0	0
210020000	67526	0	1	67527
210020000	67526	0	1	67528
210020000	67526	0	1	67529
210020000	67526	0	1	67530
210020000	67526	-1	1	67531
210020000	67532	0	0	67533
210020000	67534	0	0	67535
210020000	67536	0	0	67537
210020000	67538	0	0	67496
210020000	67539	0	0	67540
210020000	67541	0	0	67494
210020000	67542	0	1	67543
210020000	67542	0	1	67544
210020000	67542	0	1	67545
210020000	67542	-1	1	67546
210020000	67547	0	1	67548
210020000	67547	-1	1	67546
210020000	67549	0	1	67550
210020000	67549	0	1	67551
210020000	67549	0	1	67552
210020000	67549	0	1	67553
210020000	67549	0	1	67554
210020000	67549	0	1	67555
210020000	67549	0	1	67556
210020000	67549	0	1	67557
210020000	67549	-1	1	67558
210020000	67549	-1	1	67531
210020000	67559	0	1	67560
210020000	67559	0	1	67561
210020000	67559	-1	1	67558
210020000	67559	-1	1	67531
210020000	67562	0	1	67563
210020000	67562	0	1	67564
210020000	67562	0	1	67565
210020000	67562	-1	1	67531
210020000	67562	-1	1	67558
210020000	67566	0	1	67567
210020000	67566	-1	1	67531
210020000	67566	-1	1	67558
210020000	67568	0	1	67569
210020000	67568	0	1	67570
210020000	67568	0	1	67571
210020000	67568	-1	1	67572
210020000	67573	0	1	67574
210020000	67573	0	1	67575
210020000	67573	-1	1	67531
210020000	67573	-1	1	67558
210020000	67576	0	1	67577
210020000	67576	0	1	67578
210020000	67576	0	1	67579
210020000	67576	0	1	67580
210020000	67576	0	1	67581
210020000	67576	-1	1	67572
210020000	67582	0	1	67583
210020000	67582	0	1	67584
210020000	67582	0	1	67585
210020000	67582	0	1	67586
210020000	67582	0	1	67587
210020000	67582	0	1	67588
210020000	67582	0	1	67589
210020000	67582	-1	1	67572
210020000	67590	0	0	67591
210020000	67592	0	1	67584
210020000	67592	0	1	67585
210020000	67592	0	1	67586
210020000	67592	0	1	67587
210020000	67592	0	1	67588
210020000	67592	0	1	67589
210020000	67592	-1	1	67572
210020000	67593	0	1	67594
210020000	67593	0	1	67595
210020000	67593	-1	1	67572
210020000	67596	0	1	67597
210020000	67596	0	1	67598
210020000	67596	0	1	67599
210020000	67596	0	1	67600
210020000	67596	0	1	67601
210020000	67596	0	1	67514
210020000	67596	0	1	67515
210020000	67596	-1	1	67602
210020000	67523	0	1	67603
210020000	67523	-1	1	67604
210020000	67605	0	1	67606
210020000	67605	-1	1	67607
210030000	67392	0	0	0
210030000	67608	0	1	67609
210030000	67608	0	1	67610
210030000	67608	0	1	67611
210030000	67608	-1	1	67612
210030000	67613	0	1	67529
210030000	67613	0	1	67614
210030000	67613	0	1	67384
210030000	67613	-1	1	67612
210030000	67615	0	1	67616
210030000	67615	0	1	67617
210030000	67615	0	1	67486
210030000	67615	0	1	67618
210030000	67615	-1	1	67612
210030000	67582	0	1	67588
210030000	67582	0	1	67589
210030000	67582	-1	1	67612
210030000	67619	0	1	67620
210030000	67619	0	1	67621
210030000	67619	0	1	67622
210030000	67619	-1	1	67623
210030000	67624	0	1	67625
210030000	67624	0	1	67492
210030000	67624	0	1	67626
210030000	67624	-1	1	67612
210030000	67596	0	1	67599
210030000	67596	0	1	67600
210030000	67596	0	1	67601
210030000	67596	0	1	67514
210030000	67596	0	1	67515
210030000	67596	0	1	67507
210030000	67596	0	1	67508
210030000	67596	-1	1	67627
210030000	67628	0	1	67629
210030000	67628	0	1	67630
210030000	67628	-1	1	67631
210030000	67632	0	1	67633
210030000	67632	-1	1	67634
210030000	67635	0	1	67636
210030000	67635	0	1	67637
210030000	67635	0	1	67518
210030000	67635	0	1	67517
210030000	67635	-1	1	67634
210030000	67523	0	1	67603
210030000	67523	-1	1	67638
210030000	67639	0	1	67640
210030000	67639	-1	1	67634
210030000	67592	0	1	67588
210030000	67592	0	1	67589
210030000	67592	-1	1	67634
210030000	67541	0	0	67494
210030000	67536	0	0	67537
210030000	67532	0	0	67533
210030000	67538	0	0	67496
210030000	67641	0	0	67642
210030000	67539	0	0	67540
210030000	67534	0	0	67535
210040000	67643	0	1	67644
210040000	67643	0	1	67645
210040000	67643	0	1	67646
210040000	67643	0	1	67647
210040000	67643	-1	1	67648
210040000	67649	0	1	67650
210040000	67649	0	1	67651
210040000	67649	0	1	67652
210040000	67649	0	1	67653
210040000	67649	0	1	67654
210040000	67649	-1	1	67648
210040000	67541	0	0	67494
210040000	67532	0	0	67533
210040000	67536	0	0	67537
210040000	67392	0	0	0
210040000	67534	0	0	67535
210040000	67641	0	0	67642
210040000	67538	0	0	67496
210040000	67539	0	0	67540
210040000	67582	0	1	67584
210040000	67582	0	1	67585
210040000	67582	0	1	67586
210040000	67582	0	1	67587
210040000	67582	0	1	67588
210040000	67582	0	1	67589
210040000	67582	-1	1	67648
210040000	67655	0	1	67656
210040000	67655	0	1	67657
210040000	67655	0	1	67658
210040000	67655	0	1	67659
210040000	67655	0	1	67660
210040000	67655	0	1	67661
210040000	67655	-1	1	67662
210040000	67592	0	1	67663
210040000	67592	0	1	67664
210040000	67592	0	1	67665
210040000	67592	0	1	67666
210040000	67592	0	1	67667
210040000	67592	0	1	67668
210040000	67592	0	1	67669
210040000	67592	-1	1	67662
210040000	67670	0	1	67671
210040000	67670	0	1	67672
210040000	67670	0	1	67673
210040000	67670	0	1	67674
210040000	67670	0	1	67675
210040000	67670	0	1	67676
210040000	67670	0	1	67677
210040000	67670	0	1	67678
210040000	67670	0	1	67679
210040000	67670	0	1	67680
210040000	67670	-1	1	67681
210040000	67682	0	1	67683
210040000	67682	0	1	67684
210040000	67682	0	1	67685
210040000	67682	0	1	67686
210040000	67682	0	1	67687
210040000	67682	-1	1	67688
210040000	67689	0	1	67690
210040000	67689	-1	1	67691
210040000	67562	0	1	67692
210040000	67562	0	1	67693
210040000	67562	0	1	67694
210040000	67562	-1	1	67688
210040000	67695	0	1	67696
210040000	67695	0	1	67697
210040000	67695	0	1	67698
210040000	67596	0	1	67699
210040000	67596	0	1	67700
210040000	67596	0	1	67701
210040000	67596	0	1	67702
210040000	67596	0	1	67703
210040000	67596	0	1	67704
210040000	67596	0	1	67705
210040000	67596	-1	1	67706
210040000	67707	0	1	67708
210040000	67707	0	1	67709
210040000	67707	0	1	67710
210040000	67707	0	1	67711
210040000	67707	0	1	67712
210040000	67707	0	1	67713
210040000	67707	0	1	67714
210040000	67707	-1	1	67715
210040000	67523	0	1	67603
210040000	67523	-1	1	67716
210050000	67717	-2	1	67718
210050000	67717	0	1	67719
210050000	67717	0	1	67720
210050000	67717	0	1	67721
210050000	67722	-2	1	67723
210050000	67722	0	1	67724
210050000	67722	0	1	67725
210050000	67722	0	1	67726
210050000	67727	0	1	67728
210050000	67727	0	1	67729
210050000	67730	-2	1	67731
210050000	67730	0	1	67732
210050000	67730	0	1	67733
210050000	67730	0	1	67734
210050000	67735	-2	1	67736
210050000	67735	0	1	67737
210050000	67735	0	1	67738
210050000	67735	0	1	67739
210050000	67740	-2	1	67741
210050000	67740	0	1	67742
210050000	67740	0	1	67743
210050000	67740	0	1	67744
210050000	67707	0	1	67745
210050000	67707	0	1	67746
210050000	67707	0	1	67747
210050000	67707	0	1	67748
210050000	67707	0	1	67749
210050000	67707	0	1	67750
210050000	67707	0	1	67751
210050000	67707	0	1	67752
210050000	67707	0	1	67753
210050000	67707	0	1	67754
210050000	67566	0	1	67567
210050000	67755	-2	1	67756
210050000	67755	0	1	67757
210050000	67755	0	1	67758
210050000	67755	0	1	67759
210050000	67760	-2	1	67761
210050000	67760	0	1	67762
210050000	67760	0	1	67763
210050000	67760	0	1	67764
210050000	67523	0	1	67765
210050000	67766	0	1	67767
210050000	67766	0	1	67768
210050000	67766	0	1	67769
210050000	67770	-2	1	67771
210050000	67770	0	1	67772
210050000	67770	0	1	67773
210050000	67770	0	1	67774
210050000	67770	0	1	67775
210050000	67776	-2	1	67777
210050000	67776	0	1	67778
210050000	67776	0	1	67779
210050000	67776	0	1	67780
210050000	67776	0	1	67781
210050000	67776	0	1	67782
210050000	67776	0	1	67783
210050000	67776	0	1	67784
210050000	67392	0	0	0
210050000	67655	0	1	67785
210050000	67655	0	1	67786
210050000	67655	0	1	67787
210050000	67655	0	1	67788
210050000	67655	0	1	67789
210050000	67655	0	1	67790
210050000	67655	0	1	67791
210050000	67655	0	1	67792
210050000	67655	0	1	67793
210050000	67655	0	1	67794
210050000	67795	0	0	67796
210050000	67797	0	0	67537
210050000	67495	0	0	67496
210050000	67798	0	0	67416
210050000	67799	0	0	67533
210050000	67800	0	0	67540
210050000	67801	0	0	67535
210060000	67717	0	1	67802
210060000	67717	-1	1	67803
210060000	67717	-1	1	67804
210060000	67805	0	1	67806
210060000	67805	0	1	67807
210060000	67805	0	1	67808
210060000	67805	0	1	67809
210060000	67805	-1	1	67803
210060000	67805	-1	1	67804
210060000	67682	0	1	67810
210060000	67682	0	1	67811
210060000	67682	-1	1	67812
210060000	67813	0	1	67814
210060000	67813	0	1	67815
210060000	67813	-1	1	67803
210060000	67813	-1	1	67804
210060000	67816	0	1	67817
210060000	67816	-1	1	67803
210060000	67816	-1	1	67804
210060000	67430	0	0	0
210060000	67562	0	1	67818
210060000	67562	0	1	67819
210060000	67562	0	1	67820
210060000	67562	-1	1	67821
210060000	67549	0	1	67822
210060000	67549	0	1	67823
210060000	67549	0	1	67824
210060000	67549	0	1	67825
210060000	67549	-1	1	67821
210060000	67826	0	1	67827
210060000	67826	0	1	67828
210060000	67826	0	1	67829
210060000	67826	0	1	67830
210060000	67826	-1	1	67831
210060000	67832	0	1	67833
210060000	67832	0	1	67834
210060000	67832	0	1	67835
210060000	67832	-1	1	67821
210060000	67707	0	1	67836
210060000	67707	0	1	67837
210060000	67707	0	1	67838
210060000	67707	-1	1	67839
210060000	67840	0	1	67841
210060000	67840	0	1	67842
210060000	67840	0	1	67843
210060000	67840	0	1	67844
210060000	67840	0	1	67845
210060000	67840	-1	1	67846
210060000	67847	0	1	67848
210060000	67847	0	1	67849
210060000	67847	0	1	67850
210060000	67847	0	1	67851
210060000	67847	-1	1	67839
210060000	67852	0	1	67853
210060000	67854	0	1	67855
210060000	67854	0	1	67856
210060000	67854	0	1	67857
210060000	67854	-1	1	67858
210060000	67717	0	1	67859
210060000	67717	0	1	67860
210060000	67717	-1	1	67858
220010000	67392	0	0	0
220010000	67861	0	1	67862
220010000	67861	0	1	67863
220010000	67861	0	1	67864
220010000	67861	0	1	67865
220010000	67861	-1	1	67866
220010000	67867	0	1	67868
220010000	67867	0	1	67869
220010000	67867	0	1	67870
220010000	67867	-1	1	67866
220010000	67871	0	1	67872
220010000	67871	0	1	67873
220010000	67871	0	1	67874
220010000	67871	0	1	67875
220010000	67871	-1	1	67866
220010000	67876	0	1	67877
220010000	67876	0	1	67878
220010000	67876	0	1	67879
220010000	67876	-1	1	67880
220010000	67881	0	1	67882
220010000	67881	0	1	67883
220010000	67881	0	1	67884
220010000	67881	0	1	67885
220010000	67881	-1	1	67886
220010000	67582	0	1	67588
220010000	67582	0	1	67589
220010000	67582	-1	1	67886
220010000	67887	0	1	67888
220010000	67887	0	1	67889
220010000	67887	0	1	67890
220010000	67887	-1	1	67886
220010000	67891	0	1	67892
220010000	67891	0	1	67893
220010000	67891	-1	1	67894
220010000	67895	0	1	67896
220010000	67895	-1	1	67894
220010000	67523	0	1	67897
220010000	67523	-1	1	67898
220020000	67899	0	1	67900
220020000	67899	0	1	67901
220020000	67899	0	1	67902
220020000	67899	0	1	67903
220020000	67899	0	1	67904
220020000	67899	0	1	67905
220020000	67899	0	1	67906
220020000	67899	0	1	67907
220020000	67899	0	1	67908
220020000	67899	-1	1	67909
220020000	67910	0	1	67911
220020000	67910	0	1	67912
220020000	67910	0	1	67913
220020000	67910	0	1	67914
220020000	67910	0	1	67915
220020000	67910	0	1	67916
220020000	67910	0	1	67908
220020000	67910	-1	1	67909
220020000	67917	0	1	67918
220020000	67917	-1	1	67919
220020000	67920	0	1	67921
220020000	67920	0	1	67922
220020000	67920	0	1	67923
220020000	67920	0	1	67924
220020000	67920	0	1	67925
220020000	67920	0	1	67926
220020000	67920	0	1	67927
220020000	67920	0	1	67928
220020000	67920	0	1	67929
220020000	67920	-1	1	67919
220020000	67930	0	1	67594
220020000	67930	0	1	67595
220020000	67930	-1	1	67572
220020000	67891	0	1	67931
220020000	67891	0	1	67893
220020000	67891	0	1	67892
220020000	67891	0	1	67932
220020000	67891	0	1	67933
220020000	67891	-1	1	67934
220020000	67935	0	1	67936
220020000	67935	0	1	67937
220020000	67935	0	1	67938
220020000	67935	0	1	67939
220020000	67935	0	1	67940
220020000	67935	0	1	67941
220020000	67935	0	1	67942
220020000	67935	0	1	67943
220020000	67935	-1	1	67944
220020000	67945	0	0	67946
220020000	67947	0	0	67948
220020000	67454	0	0	67455
220020000	67949	0	0	67950
220020000	67951	0	0	67952
220020000	67953	0	0	67954
220020000	67955	0	0	67956
220020000	67566	0	1	67567
220020000	67566	-1	1	67944
220020000	67562	0	1	67957
220020000	67562	0	1	67958
220020000	67562	0	1	67959
220020000	67562	-1	1	67960
220020000	67592	0	1	67584
220020000	67592	0	1	67585
220020000	67592	0	1	67586
220020000	67592	0	1	67587
220020000	67592	0	1	67588
220020000	67592	0	1	67589
220020000	67592	-1	1	67961
220020000	67392	0	0	0
220020000	67582	0	1	67583
220020000	67582	0	1	67584
220020000	67582	0	1	67585
220020000	67582	0	1	67586
220020000	67582	0	1	67587
220020000	67582	0	1	67588
220020000	67582	0	1	67589
220020000	67582	-1	1	67961
220020000	67962	0	1	67963
220020000	67962	0	1	67964
220020000	67962	0	1	67965
220020000	67962	0	1	67966
220020000	67962	0	1	67967
220020000	67962	0	1	67968
220020000	67962	0	1	67969
220020000	67962	-1	1	67960
220020000	67970	0	1	67971
220020000	67970	-1	1	67934
220020000	67523	0	1	67972
220020000	67523	-1	1	67973
220030000	67974	0	1	67975
220030000	67974	0	1	67976
220030000	67974	0	1	67977
220030000	67974	-1	1	67978
220030000	67979	0	1	67434
220030000	67979	0	1	67433
220030000	67979	0	1	67432
220030000	67979	0	1	67436
220030000	67979	0	1	67529
220030000	67979	0	1	67435
220030000	67979	0	1	67437
220030000	67979	-1	1	67978
220030000	67980	0	1	67981
220030000	67980	0	1	67982
220030000	67980	0	1	67983
220030000	67980	0	1	67984
220030000	67980	0	1	67985
220030000	67980	0	1	67986
220030000	67980	0	1	67987
220030000	67980	-1	1	67988
220030000	67891	0	1	67931
220030000	67891	0	1	67893
220030000	67891	0	1	67892
220030000	67891	-1	1	67989
220030000	67990	0	1	67879
220030000	67990	0	1	67991
220030000	67990	0	1	67958
220030000	67990	0	1	67959
220030000	67990	-1	1	67992
220030000	67993	0	1	67994
220030000	67993	0	1	67995
220030000	67993	0	1	67996
220030000	67993	0	1	67967
220030000	67993	-1	1	67997
220030000	67998	0	1	67999
220030000	67998	0	1	68000
220030000	67998	0	1	68001
220030000	67998	-1	1	68002
220030000	68003	0	1	68004
220030000	68003	-1	1	67989
220030000	67523	0	1	67972
220030000	67523	-1	1	68005
220030000	68006	0	1	68007
220030000	68006	-1	1	68008
220030000	68009	0	1	68010
220030000	68009	-1	1	67978
220030000	67392	0	0	0
220030000	67951	0	0	67952
220030000	67945	0	0	67946
220030000	67955	0	0	67956
220030000	67454	0	0	67455
220030000	67953	0	0	67954
220030000	67947	0	0	67948
220030000	67949	0	0	67950
220030000	67582	0	1	67588
220030000	67582	0	1	67589
220030000	67582	0	1	67585
220030000	67582	-1	1	67978
220040000	67392	0	0	0
220040000	68011	0	1	68012
220040000	68011	-1	1	68013
220040000	68014	0	1	68015
220040000	68014	0	1	68016
220040000	68014	0	1	68017
220040000	68014	0	1	68018
220040000	68014	0	1	68019
220040000	68014	0	1	68020
220040000	68014	0	1	68021
220040000	68014	0	1	68022
220040000	68014	-1	1	68013
220040000	67945	0	0	67946
220040000	67951	0	0	67952
220040000	67955	0	0	67956
220040000	67953	0	0	67954
220040000	67949	0	0	67950
220040000	67454	0	0	67455
220040000	67947	0	0	67948
220040000	68023	0	1	68024
220040000	68023	0	1	68025
220040000	68023	0	1	68026
220040000	68023	0	1	68027
220040000	68023	0	1	68028
220040000	68023	0	1	68029
220040000	68023	0	1	68030
220040000	68023	0	1	68031
220040000	68023	0	1	68032
220040000	68023	0	1	68033
220040000	68023	-1	1	68034
220040000	68035	0	1	68036
220040000	68035	0	1	68037
220040000	68035	0	1	68038
220040000	68039	0	1	68040
220040000	68039	0	1	68041
220040000	68039	0	1	68042
220040000	68039	0	1	68043
220040000	68039	0	1	68044
220040000	68039	-1	1	68013
220040000	67582	0	1	68045
220040000	67582	0	1	68046
220040000	67582	0	1	68047
220040000	67582	0	1	68048
220040000	67582	0	1	68049
220040000	67582	0	1	68050
220040000	67582	0	1	68051
220040000	67582	-1	1	68052
220040000	68053	0	1	68054
220040000	68053	0	1	68055
220040000	68053	0	1	68056
220040000	68053	0	1	68057
220040000	68053	0	1	68058
220040000	68053	0	1	68059
220040000	68053	0	1	68060
220040000	68053	0	1	68061
220040000	68053	0	1	68062
220040000	68053	0	1	68063
220040000	68053	-1	1	68064
220040000	68053	-1	1	68052
220040000	67891	0	1	68065
220040000	67891	0	1	68066
220040000	67891	0	1	68067
220040000	67891	0	1	68068
220040000	67891	0	1	68069
220040000	67891	-1	1	68070
220040000	67707	0	1	67708
220040000	67707	0	1	67709
220040000	67707	0	1	67710
220040000	67707	0	1	67711
220040000	67707	0	1	67712
220040000	67707	0	1	67713
220040000	67707	0	1	67714
220040000	67707	-1	1	68071
220040000	68072	0	1	68073
220040000	68072	-1	1	68034
220050000	67717	0	1	68074
220050000	67717	-1	1	68075
220050000	67717	-1	1	68076
220050000	67805	0	1	68077
220050000	67805	0	1	68078
220050000	67805	0	1	68079
220050000	67805	0	1	68080
220050000	67805	0	1	68081
220050000	67805	-1	1	68075
220050000	67805	-1	1	68076
220050000	68082	0	1	68083
220050000	68082	0	1	68084
220050000	68082	0	1	68085
220050000	68082	0	1	68086
220050000	68082	-1	1	68087
220050000	67430	0	0	0
220050000	67562	0	1	68088
220050000	67562	0	1	68089
220050000	67562	0	1	68090
220050000	67562	-1	1	68091
220050000	67670	0	1	68092
220050000	67670	0	1	68093
220050000	67670	0	1	68094
220050000	67670	0	1	68095
220050000	67670	0	1	68096
220050000	67670	-1	1	68091
220050000	67446	0	1	68097
220050000	67446	0	1	68098
220050000	67446	0	1	68099
220050000	67446	0	1	68100
220050000	67446	-1	1	68101
220050000	67707	0	1	68102
220050000	67707	0	1	68077
220050000	67707	-1	1	68103
220050000	68104	0	1	68105
220050000	68104	0	1	68106
220050000	68104	0	1	68107
220050000	68104	0	1	68108
220050000	68104	-1	1	68109
220050000	68110	0	1	68111
220050000	68110	0	1	68112
220050000	68110	0	1	68113
220050000	68110	0	1	68114
220050000	68110	-1	1	68109
220050000	68115	0	1	68116
220050000	68115	0	1	68117
220050000	68115	0	1	68118
220050000	68115	0	1	68119
220050000	68115	-1	1	68120
220050000	68121	0	1	68122
220050000	68121	0	1	68123
220050000	68121	0	1	68124
220050000	68121	0	1	68125
220050000	68121	0	1	68126
220050000	68121	0	1	68127
220050000	68121	-1	1	68128
220050000	67493	0	0	67946
220050000	68129	0	0	67948
220050000	68130	0	0	67956
220050000	67801	0	0	67954
220050000	68131	0	0	67952
220070000	67717	-2	1	68132
220070000	67717	0	1	68133
220070000	67717	0	1	68134
220070000	67717	0	1	68135
220070000	67566	0	1	67567
220070000	67392	0	0	0
220070000	67800	0	0	67950
220070000	67799	0	0	67952
220070000	67798	0	0	67475
220070000	67495	0	0	67455
220070000	68136	0	0	67459
220070000	67795	0	0	68137
220070000	67776	-2	1	67777
220070000	67776	0	1	67778
220070000	67776	0	1	67779
220070000	67776	0	1	67780
220070000	67776	0	1	67781
220070000	67776	0	1	67782
220070000	67776	0	1	67783
220070000	67776	0	1	67784
220070000	67523	0	1	68138
220070000	67707	0	1	68139
220070000	67707	0	1	68140
220070000	67707	0	1	68141
220070000	67707	0	1	68142
220070000	67707	0	1	68143
220070000	67707	0	1	68144
220070000	67707	0	1	68145
220070000	67707	0	1	68146
220070000	67707	0	1	68147
220070000	67707	0	1	68148
220070000	67549	0	1	68149
220070000	67549	0	1	68150
220070000	67549	0	1	68151
220070000	67549	0	1	68152
220070000	67549	0	1	68153
220070000	67549	0	1	68154
220070000	67549	0	1	68155
220070000	67549	0	1	68156
220070000	67549	0	1	68157
220070000	67549	0	1	68158
220070000	68159	0	1	68160
220070000	68159	0	1	68161
220070000	68159	0	1	68162
220070000	68163	-2	1	68164
220070000	68163	0	1	68165
220070000	68163	0	1	68166
220070000	68163	0	1	68167
220070000	67805	0	1	68168
220070000	67805	0	1	68169
220070000	67805	0	1	68170
220070000	67805	0	1	68171
220070000	67805	0	1	68172
220070000	67805	0	1	68173
220070000	67805	0	1	68174
220070000	67805	0	1	68175
220070000	67805	0	1	68176
220070000	67805	0	1	68177
220070000	68178	-2	1	68179
220070000	68178	0	1	68180
220070000	68178	0	1	68181
220070000	68178	0	1	68182
220070000	68183	-2	1	68184
220070000	68183	0	1	68185
220070000	68183	0	1	68186
220070000	68183	0	1	68187
220070000	68188	-2	1	68189
220070000	68188	0	1	68190
220070000	68188	0	1	68191
220070000	68188	0	1	68192
220070000	68193	-2	1	68194
220070000	68193	0	1	68195
220070000	68193	0	1	68196
220070000	68193	0	1	68197
220070000	68198	-2	1	68199
220070000	68198	0	1	68200
220070000	68198	0	1	68201
220070000	68198	0	1	68202
220070000	68203	0	1	68204
220070000	68203	0	1	68205
220070000	68203	0	1	68206
220070000	925	0	1	68207
220070000	925	0	1	68208
220070000	925	0	1	68209
220070000	68039	-2	1	68210
220070000	68039	0	1	68211
220070000	68039	0	1	68212
220070000	68039	0	1	68213
220070000	67493	0	0	67946
220070000	67801	0	0	67954
220070000	68214	-2	1	68215
220070000	68214	0	1	68216
220070000	68214	0	1	68217
220070000	68214	0	1	68218
300030000	68219	0	1	68220
300030000	68219	0	1	68221
300030000	68219	0	1	68222
300030000	68219	-1	1	68223
300040000	68224	0	1	68225
300040000	68226	0	1	68227
300040000	68228	0	1	68229
300040000	68230	0	1	68231
300040000	68232	0	1	68233
300040000	68234	0	1	68235
300040000	68236	0	1	68237
300040000	67430	0	0	0
300040000	68238	0	1	68239
300050000	68240	0	1	68241
300050000	68240	-1	1	68223
300050000	68242	0	1	68243
300050000	68242	-1	1	68223
300050000	67430	0	0	0
300060000	67199	0	1	68244
300060000	67430	0	0	0
300070000	67200	0	1	68243
300070000	67430	0	0	0
300080000	67201	0	1	68245
300080000	67430	0	0	0
300090000	67430	0	0	0
300090000	67202	0	1	68245
300100000	67203	0	1	68246
300100000	67203	0	1	68247
300100000	67203	0	1	68248
300100000	67203	0	1	68249
300100000	67203	0	1	68250
300100000	68251	0	1	68252
300100000	68251	0	1	68253
300100000	68251	0	1	68254
300100000	68251	0	1	68255
300100000	68251	0	1	68256
300100000	67523	0	1	68257
300100000	67430	0	0	0
300110000	68258	0	1	68239
300110000	67430	0	0	0
300120000	67206	0	1	68259
300120000	67523	0	1	68260
300120000	67430	0	0	0
300130000	67207	0	1	68259
300130000	67523	0	1	68260
300130000	67430	0	0	0
300140000	67208	0	1	68259
300140000	67523	0	1	68260
300140000	67430	0	0	0
300150000	68261	0	1	67777
300150000	68261	0	1	67778
300150000	68261	0	1	67779
300150000	68261	0	1	67780
300150000	68261	0	1	67781
300150000	68261	0	1	67782
300150000	68261	0	1	67783
300150000	68261	0	1	67784
300150000	67523	0	1	68262
300150000	67430	0	0	0
300160000	67776	0	1	67777
300160000	67776	0	1	67778
300160000	67776	0	1	67779
300160000	67776	0	1	67780
300160000	67776	0	1	67781
300160000	67776	0	1	67782
300160000	67776	0	1	67783
300160000	67776	0	1	67784
300160000	68039	0	1	68263
300160000	68039	0	1	68264
300160000	68039	0	1	68265
300160000	68039	0	1	68266
300160000	68267	0	1	68268
300160000	67523	0	1	68269
300160000	67430	0	0	0
300160000	67917	0	1	68270
300170000	68271	-2	1	68272
300170000	68271	0	1	68273
300170000	68271	0	1	68274
300170000	68271	0	1	68275
300170000	68271	0	1	68276
300170000	68271	0	1	68277
300170000	68271	0	1	68278
300170000	68279	0	1	68280
300170000	68279	0	1	68281
300170000	68279	0	1	68282
300170000	68251	-2	1	68283
300170000	68251	0	1	68284
300170000	68251	0	1	68285
300170000	68251	0	1	68286
300170000	67523	0	1	68287
300170000	67430	0	0	0
300190000	68288	0	1	68289
300190000	68288	0	1	68290
300190000	68288	0	1	68291
300190000	68288	0	1	68292
300190000	68288	0	1	68293
300190000	68288	0	1	68294
300190000	67854	0	1	68295
300190000	67854	0	1	68296
300190000	67854	0	1	68297
300190000	67523	0	1	68298
300190000	67430	0	0	0
300200000	67430	0	0	0
300200000	67214	0	1	68299
300200000	68300	0	1	68301
300210000	67430	0	0	0
300210000	68258	0	1	68239
300220000	67430	0	0	0
300220000	68302	0	1	68303
300220000	67523	0	1	68304
300230000	67430	0	0	0
300230000	67854	0	1	68305
300230000	67218	0	1	68306
300230000	67523	0	1	68307
300250000	67430	0	0	0
300250000	68308	-2	1	68309
300250000	68310	-2	1	68309
300250000	68311	0	1	68312
300250000	68311	0	1	68313
300250000	68314	0	1	68315
300250000	68314	0	1	68316
300250000	68317	0	1	68318
300300000	67430	0	0	0
300300000	68319	0	1	68320
300300000	68321	0	1	68322
300300000	68323	0	1	68324
300300000	68325	0	1	68326
300300000	68327	0	1	68328
300300000	68327	0	1	68329
300300000	68330	0	1	68328
300300000	68330	0	1	68329
300300000	67523	0	1	68331
300320000	67430	0	0	0
300320000	68332	0	1	68322
300320000	68333	0	1	68328
300320000	68334	0	1	68301
300320000	68335	0	1	68307
300320000	68336	0	1	68320
300320000	68337	0	1	68328
300320000	68338	0	1	68331
300350000	67392	0	0	0
300350000	68339	0	1	68322
300350000	68340	0	1	68341
300350000	68342	0	1	67972
300350000	68343	0	1	68303
300350000	68344	0	1	68301
300350000	68345	0	1	68091
300360000	67392	0	0	0
300360000	68339	0	1	68322
300360000	68340	0	1	68328
300360000	68342	0	1	68318
300360000	68343	0	1	68341
310010000	67228	0	1	68346
310010000	67392	0	0	0
310020000	67229	0	1	68347
310020000	67392	0	0	0
310030000	67230	0	1	68348
310030000	67392	0	0	0
310040000	67231	0	1	68349
310040000	67392	0	0	0
310050000	68350	0	1	67584
310050000	68350	0	1	67585
310050000	68350	0	1	67586
310050000	68350	0	1	67587
310050000	68350	0	1	67588
310050000	68350	0	1	67589
310050000	68350	0	1	67583
310050000	68350	-1	1	68351
310050000	67392	0	0	0
310060000	68352	0	1	68353
310060000	68352	-1	1	68354
310060000	67392	0	0	0
310070000	67235	0	1	68353
310070000	67235	-1	1	68354
310070000	67392	0	0	0
310080000	68355	0	1	67398
310080000	67392	0	0	0
310090000	68356	0	1	68357
310090000	67707	0	1	68358
310090000	67707	0	1	68359
310090000	67707	0	1	68360
310090000	67707	0	1	68361
310090000	67707	0	1	68362
310090000	67707	0	1	68363
310090000	67707	0	1	68364
310090000	67707	-1	1	68365
310100000	67392	0	0	0
310100000	68366	0	1	68367
310100000	68366	0	1	68368
310100000	68366	0	1	68369
310100000	68366	0	1	68370
310100000	68366	0	1	68371
310100000	68366	0	1	68363
310100000	68366	0	1	68372
310100000	68366	-1	1	68373
310110000	67430	0	0	0
310110000	67805	0	1	68374
310110000	67523	0	1	68341
310120000	67240	0	1	68347
310120000	67430	0	0	0
320010000	67241	0	1	68375
320010000	67392	0	0	0
320020000	67242	0	1	68376
320020000	67392	0	0	0
320030000	67243	0	1	68377
320030000	67392	0	0	0
320040000	67244	0	1	68378
320040000	67392	0	0	0
320050000	67245	0	1	67865
320050000	67245	-1	1	67898
320050000	67392	0	0	0
320060000	68379	0	1	68380
320060000	68379	-1	1	68381
320060000	67392	0	0	0
320080000	67392	0	0	0
320080000	67805	0	1	68382
320080000	67805	0	1	68383
320080000	67805	0	1	68384
320080000	67805	0	1	68385
320080000	67805	0	1	68386
320080000	67805	0	1	68387
320080000	67805	0	1	68364
320080000	67805	-1	1	68388
320080000	67523	0	1	68389
320090000	67251	0	1	67451
320090000	67392	0	0	0
320100000	67252	0	1	68390
320100000	67392	0	0	0
320110000	67392	0	0	0
320110000	67253	0	1	67584
320110000	67253	0	1	67585
320110000	67253	0	1	67586
320110000	67253	0	1	67587
320110000	67253	0	1	67588
320110000	67253	0	1	67589
320110000	67253	0	1	67583
320110000	67253	-1	1	68391
320120000	67392	0	0	0
320120000	67254	0	1	67451
320130000	67430	0	0	0
320130000	68392	0	1	68393
320130000	68394	0	1	68395
320130000	68251	0	1	68396
320130000	67523	0	1	68341
320140000	67240	0	1	68376
320140000	67430	0	0	0
320150000	67392	0	0	0
320150000	68397	0	1	68138
400010000	68398	0	1	68399
400010000	68398	0	1	68400
400010000	68398	0	1	68401
400010000	68398	0	1	68220
400010000	68398	0	1	68221
400010000	68398	0	1	68402
400010000	68398	0	1	68403
400010000	68398	0	1	68404
400010000	68398	0	1	68405
400010000	68398	0	1	68406
400010000	68398	0	1	68407
400010000	68398	0	1	68408
400010000	68398	0	1	68409
400010000	68398	0	1	68410
400010000	68398	0	1	68411
400010000	68398	0	1	68412
400010000	68398	0	1	68413
400010000	68398	-1	1	68414
400010000	68398	-1	1	68415
400010000	68398	-1	1	68223
400010000	68398	-1	1	68416
400010000	68398	-1	1	68417
400010000	68398	-1	1	68418
400010000	68398	-1	1	68419
400010000	68398	-1	1	68420
400010000	68398	-1	1	68421
400010000	68398	-1	1	68422
400010000	67392	0	0	0
400010000	68423	0	1	68424
400010000	68423	0	1	68409
400010000	68423	0	1	68220
400010000	68423	0	1	68407
400010000	68423	0	1	68408
400010000	68423	0	1	68241
400010000	68423	0	1	68406
400010000	68423	0	1	68425
400010000	68423	0	1	68426
400010000	68423	0	1	68413
400010000	68423	-1	1	68414
400010000	68423	-1	1	68415
400010000	68423	-1	1	68223
400010000	68423	-1	1	68416
400010000	68423	-1	1	68417
400010000	68423	-1	1	68418
400010000	68423	-1	1	68419
400010000	68423	-1	1	68420
400010000	68423	-1	1	68421
400010000	68423	-1	1	68422
400010000	68427	0	1	68410
400010000	68427	0	1	68404
400010000	68427	0	1	68220
400010000	68427	0	1	68221
400010000	68427	0	1	68402
400010000	68427	0	1	68428
400010000	68427	0	1	68429
400010000	68427	-1	1	68414
400010000	68427	-1	1	68415
400010000	68427	-1	1	68223
400010000	68427	-1	1	68416
400010000	68427	-1	1	68417
400010000	68427	-1	1	68418
400010000	68427	-1	1	68419
400010000	68427	-1	1	68420
400010000	68427	-1	1	68421
400010000	68427	-1	1	68422
400010000	68430	0	1	68411
400010000	68430	0	1	68428
400010000	68430	0	1	68220
400010000	68430	0	1	68412
400010000	68430	0	1	68408
400010000	68430	-1	1	68414
400010000	68430	-1	1	68415
400010000	68430	-1	1	68223
400010000	68430	-1	1	68416
400010000	68430	-1	1	68417
400010000	68430	-1	1	68418
400010000	68430	-1	1	68419
400010000	68430	-1	1	68420
400010000	68430	-1	1	68421
400010000	68430	-1	1	68422
400010000	68431	0	1	68432
400010000	68431	0	1	68433
400010000	68431	0	1	68434
400010000	68431	0	1	68402
400010000	68431	0	1	68221
400010000	68431	-1	1	68414
400010000	68431	-1	1	68415
400010000	68431	-1	1	68223
400010000	68431	-1	1	68416
400010000	68431	-1	1	68417
400010000	68431	-1	1	68418
400010000	68431	-1	1	68419
400010000	68431	-1	1	68420
400010000	68431	-1	1	68421
400010000	68431	-1	1	68422
400010000	68435	0	1	68436
400010000	68435	0	1	68437
400010000	68435	0	1	68434
400010000	68435	0	1	67710
400010000	68435	0	1	68438
400010000	68435	0	1	68220
400010000	68435	0	1	68221
400010000	68435	0	1	68429
400010000	68435	-1	1	68414
400010000	68435	-1	1	68415
400010000	68435	-1	1	68223
400010000	68435	-1	1	68416
400010000	68435	-1	1	68417
400010000	68435	-1	1	68418
400010000	68435	-1	1	68419
400010000	68435	-1	1	68420
400010000	68435	-1	1	68421
400010000	68435	-1	1	68422
400010000	68439	0	1	68440
400010000	68439	0	1	68441
400010000	68439	0	1	68220
400010000	68439	0	1	68221
400010000	68439	0	1	68400
400010000	68439	-1	1	68414
400010000	68439	-1	1	68415
400010000	68439	-1	1	68223
400010000	68439	-1	1	68416
400010000	68439	-1	1	68417
400010000	68439	-1	1	68418
400010000	68439	-1	1	68419
400010000	68439	-1	1	68420
400010000	68439	-1	1	68421
400010000	68439	-1	1	68422
400010000	68442	0	1	68443
400010000	68442	0	1	68406
400010000	68442	0	1	68222
400010000	68442	0	1	68241
400010000	68442	0	1	68401
400010000	68442	-1	1	68414
400010000	68442	-1	1	68415
400010000	68442	-1	1	68223
400010000	68442	-1	1	68416
400010000	68442	-1	1	68417
400010000	68442	-1	1	68418
400010000	68442	-1	1	68419
400010000	68442	-1	1	68420
400010000	68442	-1	1	68421
400010000	68442	-1	1	68422
400010000	68444	0	1	68401
400010000	68444	0	1	68222
400010000	68444	0	1	68406
400010000	68444	0	1	68433
400010000	68444	0	1	68432
400010000	68444	0	1	68429
400010000	68444	-1	1	68414
400010000	68444	-1	1	68415
400010000	68444	-1	1	68223
400010000	68444	-1	1	68416
400010000	68444	-1	1	68417
400010000	68444	-1	1	68418
400010000	68444	-1	1	68419
400010000	68444	-1	1	68420
400010000	68444	-1	1	68421
400010000	68444	-1	1	68422
400010000	67945	0	0	67946
400010000	67949	0	0	67950
400010000	67953	0	0	67954
400010000	67454	0	0	67455
400010000	67951	0	0	67952
400010000	68445	0	0	67475
400010000	68446	0	0	68447
400010000	67541	0	0	67494
400010000	67532	0	0	67533
400010000	67538	0	0	67496
400010000	67534	0	0	67535
400010000	67539	0	0	67540
400010000	67417	0	0	67418
400010000	67590	0	0	67591
400010000	68448	0	1	68449
400010000	68448	0	1	68450
400010000	68448	0	1	68399
400010000	68448	0	1	68451
400010000	68448	0	1	68452
400010000	68448	0	1	68453
400010000	68448	-1	1	68414
400010000	68448	-1	1	68415
400010000	68448	-1	1	68223
400010000	68448	-1	1	68416
400010000	68448	-1	1	68417
400010000	68448	-1	1	68418
400010000	68448	-1	1	68419
400010000	68448	-1	1	68420
400010000	68448	-1	1	68421
400010000	68448	-1	1	68422
600010000	68267	0	1	68454
600010000	68267	0	1	68455
600010000	68267	0	1	68456
600010000	68039	0	1	68457
600010000	68039	0	1	68458
600010000	68039	0	1	68459
600010000	67707	-2	1	68460
600010000	67707	0	1	68461
600010000	67707	0	1	68462
600010000	67430	0	0	0

 