15	812	
id	name	civ	sex	scale	hair	face	feat1	feat2	haircolor	eyecolor	lipcolor	skincolor	facedetail	bodydetail
int	string	int	int	float	int	int	int	int	hex	hex	hex	hex	string	string
1	119740	0	1	1	48	14	0	0	1e1e1e	595959	ffdfd2	fadfce	119741	119742
2	119743	0	1	1	2	1	0	0	242117	966d52	d4aaa2	f5dac9	119744	119745
3	119746	0	1	1	2	3	0	0	745631	ffcabf	d5a49d	f5cbb4	119747	119745
4	119748	0	1	1	27	16	0	0	fcf8d3	c9dede	ffdfd2	fadfce	119749	119745
5	119750	0	1	1	26	16	14	0	fcfbfa	c9dede	ffdfd2	aa8e87	119751	119745
6	119752	0	1	1	6	7	4	0	745631	e5c5ba	b67f69	f5cbb4	119753	119745
7	119754	0	1	1	15	7	4	0	745631	e5c5ba	b8746b	e2a893	119753	119745
8	119755	0	1	1	23	10	0	8	1e1e1e	bfb7ac	ffdfd2	fadfce	119756	119745
9	119757	0	1	0.959716	27	10	2	5	533e23	bfb7ac	ffdfd2	fadfce	119758	119759
10	119760	0	1	1	24	10	2	5	745631	9dc7aa	483328	f9af93	119761	119745
11	119762	0	1	1	21	9	6	0	4a372c	cacaca	d3b1a6	f5d4c7	119763	119745
12	119764	0	1	1	25	13	0	0	e8d6cd	afbcd3	d7b6ac	efcbb5	119765	119745
13	119766	0	1	1	9	16	3	0	745631	b6c1dc	8c5f5c	f9af93	119767	119745
14	119768	0	1	1	19	16	2	0	1c2216	c9dede	ece5d4	87795f	119769	119745
15	119770	0	1	1	17	14	0	0	353535	e7e3d9	d6b0aa	ebd7d2	119771	119745
16	119772	0	1	1	37	15	0	0	1e1e1e	89ad9e	aa7363	e2a893	119773	119745
17	119774	0	1	1	5	5	2	0	4f3c2f	ffffff	e6ccc6	f5d3c8	119775	119745
18	119776	0	1	1	6	4	2	0	afafaf	a08b86	ffdfd2	ecc5af	119777	119745
19	119778	0	1	1	29	12	6	10	a4a4a4	d1eaeb	ffdfd2	b09985	119779	119745
20	119780	0	1	1	28	16	11	9	9b5f54	c9dede	ffdfd2	c3aaa1	119781	119745
21	119782	0	1	1	5	16	0	0	b1cdda	acbbd7	b28d8c	ebd7d7	119783	119784
22	119785	0	1	1	39	10	0	0	f8f7f0	a8bed5	dfc9b9	f5dcd0	119786	119787
23	119788	0	1	1	40	17	2	0	906e4f	7b7b7b	c1a57d	f3dccc	119789	119745
24	119790	0	1	1	7	20	0	0	604438	a78f5c	a57e57	b7997f	119791	119745
25	119792	0	1	1	43	10	0	0	e1d4bf	b1d0da	d0a599	f3d8ca	119793	119745
26	119794	0	1	1	42	20	2	0	8b6b4d	fcfcfa	a28050	d8ae8b	119795	119745
27	119796	0	1	1	40	21	0	0	322c1f	f6ebef	c6978f	fadfce	119797	119745
28	119798	0	1	1	1	7	2	0	d1a795	e5c5ba	b28d8c	f5cfca	119799	119745
29	119800	0	1	1	1	2	2	0	966f5f	e5c5ba	aa6e5d	f9af93	119801	119745
30	119802	0	1	1	19	21	1	0	b09f69	a3b5d2	c0b9b9	aa8e87	119803	119745
31	119804	0	1	1	28	22	4	0	322a1f	3b3324	806879	c3aaa1	119805	119745
32	119806	0	1	1	10	22	6	7	604838	e1cbbf	c0b9b9	f1d2c2	119807	119745
33	119808	0	1	1	11	16	0	6	ffffff	bfc9e1	c0b9b9	876e5f	119809	119745
34	119810	0	1	1	18	16	0	2	fcfcfa	fafafc	e3c0c5	ffddc0	119811	119745
35	119812	0	1	1	7	23	2	10	443729	cee8d2	866458	998580	119813	119745
36	119814	0	1	1	37	15	0	0	1e1e1e	eae8d2	d6b0aa	f3d2c8	119773	119745
37	119815	0	1	1	3	12	0	0	f7f8f0	bbcfdf	daabaa	f5cbb4	119816	119745
38	119817	0	1	1	44	10	0	8	fcf8d3	c69d8d	ffd4ba	b7997f	119818	119819
39	119820	0	1	1	46	10	0	0	df7f73	d7e4ed	c6978f	f7e1ce	119821	119745
40	119822	0	1	1	22	13	0	0	ffffff	afbcd3	f7d2ee	fff5e6	119823	119745
41	119824	0	1	1	45	15	0	0	f5e2a0	595959	d6b0aa	f0dcd7	119825	119745
42	119826	0	1	1.007455	21	1	0	0	f5bd89	c0af8f	ecab92	a77664	119827	119828
43	119829	0	1	1	47	23	2	0	825149	dcb6d0	b28d8c	f5cfca	119830	119745
44	119831	0	1	1.007455	31	1	0	0	29160d	595959	593c36	695854	119832	119833
45	119834	0	1	1	49	15	0	7	000000	9f6d89	f3b299	ebd1cb	119835	119745
46	119836	0	1	1.090808	36	8	5	0	e7c4b0	595959	593c36	886b63	119837	119838
47	119839	0	1	1	43	1	0	0	af5442	e1e9e8	f0baa8	d4aea4	119840	119745
48	119841	0	1	1	4	29	0	0	c89b95	cfaf92	b97c78	ecbca7	119842	119843
49	119844	0	1	1.053762	17	6	0	0	b34b45	f2d9a5	ba6f6a	c39386	119845	119846
50	119847	0	1	1	8	25	0	0	372f22	aa8d83	b97c78	ecbca7	119848	119745
51	119849	0	1	1	35	29	0	0	e6bcb1	cbcccc	d08c91	e2b7aa	119850	119745
52	119851	0	1	1	12	30	0	0	1e2d3c	979394	b97c78	ecb7a0	119852	119745
53	119853	0	1	1	30	26	0	0	e2b07b	87a3f7	b97c78	ecb6a3	119854	119819
54	119855	0	1	1	8	10	0	0	433529	bfb7ac	c6978f	f5d0c6	119856	119745
55	119857	0	1	1	8	10	2	0	745f47	bfb7ac	966650	e2a893	119858	119745
56	119859	0	1	1.053762	31	31	0	0	1e1a18	e9b4b6	9a6b57	c99984	119860	119861
57	119862	0	1	1	19	21	0	10	403e29	cac8cf	f0baa8	b29081	119863	119819
58	119864	0	1	1	29	21	0	0	a6aec8	82c3e2	ecab92	c19b8d	119865	119819
59	119866	0	1	1	18	24	5	0	e7c4b0	595959	d1a99b	c39f92	119867	119819
60	119868	0	1	1.2	48	8	0	0	9a5c41	7a6150	d1a99b	d8b2a0	119869	119870
61	119871	0	1	1	10	9	0	0	eee9da	cacaca	d3b3a4	f4d9c3	119872	119745
62	119873	0	1	1	4	2	2	0	745631	c1ae8c	c19188	f5cbb4	119874	119875
63	119876	0	1	1	18	11	8	0	472f2b	e5dfd6	ffdfd2	f2cdbc	119877	119745
64	119878	0	1	1	3	10	0	0	745631	bfb7ac	daabaa	f5cbb4	119879	119745
65	119880	0	1	1	3	12	0	0	d3c6c4	62a3bd	ae786b	d1a293	119881	119745
66	119882	0	1	1	10	1	1	0	7c5442	9d7d4b	aa5e56	c2a195	119883	119884
67	119885	0	1	1	22	14	0	0	b6bde1	b6d8e1	a4726c	f0bea2	119886	119887
68	119888	0	1	0.977725	43	3	0	0	ffffff	ffcabf	d5a49d	f5cbb4	119889	119890
69	119891	0	1	1.003963	22	26	0	15	ffffff	ffffff	f7d2ee	fff5e6	119892	119893
70	119894	0	1	1.003963	14	16	0	0	fcfbfa	c9dede	ffdfd2	f0dcd7	119895	119893
71	119896	0	1	1.003478	29	12	0	0	ffffff	d1eaeb	ffdfd2	e4bcc0	119897	119898
72	119899	0	1	1	27	10	0	0	ffffff	ffffff	c6978f	f5d0c6	119900	119745
73	119901	0	1	1	10	13	0	0	a17458	595959	c6a09e	c8a89c	119902	119903
74	119904	0	1	1	8	15	0	0	324654	77829f	cd9b97	f0bea2	119905	119906
75	119907	0	1	1	4	9	1	6	2e1d28	433429	c88f89	a6806e	119908	119909
76	119910	0	1	1	10	12	5	0	f2eee3	6e99a3	c88f89	a6806e	119911	119912
77	119913	0	1	1	6	4	2	0	4c3d2e	a08b86	c88f89	e1ad93	119914	119915
78	119916	0	1	1	7	4	3	0	ffffff	a08b86	c88f89	a6806e	119917	119918
79	119919	0	1	1	6	1	5	0	1b2a2b	cacaca	bf6f73	e1ad93	119920	119921
80	119922	0	1	1	25	13	0	0	e8d6cd	afbcd3	d7b6ac	efcbb5	119765	119923
81	119924	0	1	1	30	26	0	0	e2b07b	87a3f7	b97c78	e2a893	119854	119925
82	119926	0	1	1.105525	19	21	0	10	403e29	cac8cf	f0baa8	a87c6d	119927	119928
83	119929	0	1	1.090808	19	16	2	0	1c2216	c9dede	ece5d4	998580	119930	119838
84	119931	0	1	1.053762	8	10	0	0	433529	bfb7ac	c6978f	f5d0c6	119856	119846
85	119932	0	1	1.2	28	16	7	9	9b5f54	c9dede	ffdfd2	c3aaa1	119781	119933
86	119934	0	1	1.2	7	1	0	0	433529	bfb7ac	f7d2ee	f5d0c6	119935	119870
87	119936	0	1	0.750486	2	3	0	0	65563b	a08b86	d1a89c	f4cfc4	119937	119938
88	119939	0	1	0.838006	18	11	8	0	472f2b	e5dfd6	ffdfd2	f2cdbc	119940	119941
89	119942	0	1	1.2	3	12	0	9	825b49	c9dede	ffdfd2	c3aaa1	119943	119944
90	119945	0	1	0.718464	8	25	0	0	372f22	341c0d	b97c78	e2a893	119946	119947
91	119948	0	1	1	12	9	3	9	45281c	4c2c20	a77765	9a7666	119949	119950
92	119951	0	1	1	16	13	0	0	2c1b2c	947cde	b48986	f0bea2	119952	119953
93	119954	0	1	1	4	8	2	0	121207	bfdce5	b98681	ad8978	119955	119956
94	119957	0	1	1	20	1	0	0	dac2af	e1e9e8	f8a271	deb1a5	119958	119819
95	119959	0	1	1	1	1	0	0	ffffff	cacaca	ffdfd2	fadfce	119744	119960
96	119961	0	1	1	1	1	0	0	ffffff	cacaca	ffdfd2	fadfce	119744	119962
97	119963	0	1	1	1	1	0	0	ffffff	cacaca	ffdfd2	fadfce	119744	119964
98	119965	0	1	1	7	1	2	8	000000	ffffff	ffdfd2	f3b443	119966	119742
99	119967	0	1	1.090808	7	1	0	10	000000	ffffff	806879	f3b443	119968	119969
100	119970	0	1	0.946213	7	1	13	10	ffffff	ffffff	806879	f3b443	119971	119972
101	119973	0	1	1.090808	29	1	3	9	1f1316	ffffff	393939	d79b5b	119974	119975
102	119976	0	1	1.098914	28	1	10	5	ffffff	ffffff	866458	d79b5b	119977	119978
103	119979	0	1	0.902096	7	1	8	5	ffffff	ffffff	3b3b3b	d79b5b	119980	119981
104	119982	0	1	1	18	11	0	0	ffffff	e5dfd6	472629	c08a45	119983	119745
105	119984	0	1	1.118721	7	1	0	5	ffffff	ffffff	363636	c08a45	119985	119986
106	119987	0	1	1.00888	28	1	10	5	ffffff	ffffff	363636	c08a45	119988	119989
107	119990	0	1	1	37	1	0	1	ffffff	ffffff	3b3b3b	f3b443	119991	119742
108	119992	0	1	1.082708	7	1	1	5	ffffff	ffffff	ae7745	f3b443	119993	119994
109	119995	0	1	0.980876	7	1	5	3	ffffff	ffffff	3b3b3b	f3b443	119996	119997
110	119998	0	1	0.999783	11	1	2	7	2d3664	ffffff	866458	d79b5b	119999	120000
111	120001	0	1	1	10	11	4	0	d2cec5	8d7143	b28a88	ae8f7c	120002	120003
112	120004	0	1	1	9	4	1	6	3b2c24	7e6352	c88f89	a6806e	120005	120006
113	120007	0	1	1	6	9	3	6	c8e6d8	644537	c88f89	977664	120008	120009
114	120010	0	1	1	2	8	0	0	dec593	bfdce5	c88f89	e1ad93	120011	120012
115	120013	0	1	1	5	11	2	0	503b30	4c6a7e	c88f89	a6806e	120014	120015
116	120016	0	1	1	7	12	2	0	ffffff	455c51	c88f89	a6806e	120017	120015
117	120018	0	1	1	13	12	12	0	522f20	4f3e2f	b68d84	9a7a6a	120019	120020
118	120021	0	1	1	3	16	4	0	fcf8d3	607b8d	b18f89	a98874	120022	120023
119	120024	0	1	1	20	15	3	0	2e3750	58677e	b18f89	f0bea2	120025	119875
120	120026	0	1	1.053762	27	16	18	0	f6f4eb	648290	b49386	ba9984	120027	119861
121	120028	0	1	1	5	2	5	0	1d1d1d	c1ae8c	d3a098	aa8277	120029	120030
122	120031	0	1	1.053762	27	16	0	0	b99d74	8693bc	a0736d	e1ad93	120032	120033
123	120034	0	1	1.021484	39	10	0	0	9f98ae	a8bed5	b68686	f0bea2	120035	119861
124	120036	0	1	1	4	1	0	0	67543d	966d52	ab655f	e1ad93	120037	120038
125	120039	0	1	0.977725	8	13	0	0	b69fa2	a2b1d3	af8392	f0bea2	120040	120041
126	120042	0	1	0.977725	36	16	0	0	374450	acbbd7	a97a77	b08e7c	120043	120044
127	120045	0	1	1	25	13	0	0	544833	afbcd3	c49895	f0bea2	120046	119742
128	120047	0	1	1.021484	23	21	0	9	241c19	bfb7ac	a37974	a88675	120048	120049
129	120050	0	1	1	8	10	0	0	3a2d28	aebfc8	af827e	f0bea2	119821	120051
130	120052	0	1	1	1	1	2	0	392211	8c7769	b1766c	e1ad93	120053	120054
131	120055	0	1	1.017966	8	19	0	6	29190f	a5684e	a27e7b	ae8c7b	120056	120057
132	120058	0	1	1	7	11	2	0	000000	74563f	a77d76	99786b	120059	120060
133	120061	0	1	1	36	1	0	0	43647c	e1e9e8	d99379	dcb4ad	119958	119745
134	120062	0	1	1	1	1	0	0	ffffff	cacaca	ffdfd2	fadfce	119744	120063
135	120064	0	1	1	1	1	0	0	ffffff	cacaca	ffdfd2	fadfce	119744	120065
136	120066	0	1	1	1	1	0	0	ffffff	cacaca	ffdfd2	fadfce	119744	120067
137	120068	0	1	1	7	11	3	6	745631	6a5f3d	9c766c	9b7769	120069	120070
138	120071	0	1	1	6	1	2	0	594e2e	cacaca	97625c	e1ad93	120072	120073
139	120074	0	1	1	6	9	2	0	a2bdd1	595959	c88f89	a6806e	120075	119745
140	120076	0	1	1	10	11	0	0	f5faf8	595959	c88f89	a6806e	120077	120078
141	120079	0	1	1	8	14	0	0	99a896	94a478	b18381	e1ad93	120080	120081
142	120082	0	1	1	2	4	0	0	805a48	8c7769	b6817c	e1ad93	120083	120084
143	120085	0	1	1	9	7	1	0	73424a	7e583b	c88f89	f0bea2	120086	119745
144	120087	0	1	1	5	8	3	0	99a896	8195a0	c88f89	a6806e	120088	120089
145	120090	0	1	1	4	4	0	0	ac7d63	8c7769	bb7a77	e1ad93	120091	119745
146	120092	0	1	1	3	9	0	0	241a14	644d3d	b18481	f0bea2	120093	119745
147	120094	0	1	1	10	2	2	0	503e30	917662	c88f89	e1ad93	120095	119745
148	120096	0	1	1	2	1	0	0	392f37	7a6150	7a4e48	e2a893	119744	119819
149	120097	0	1	1	2	3	0	0	6c4638	8e625b	874c45	f3c5a4	119747	119745
150	120098	0	1	1	27	16	0	0	fcd58c	7a6150	856179	f3c5a4	120099	119745
151	120100	0	1	1	26	16	14	0	d7d2c0	623955	6b5a3a	9f7672	119751	119745
152	120101	0	1	1	6	7	4	0	745631	7a6150	b67f69	e2a893	119753	119745
153	120102	0	1	1	23	10	0	8	1e1e1e	7a6150	d1a99b	e2a893	119818	119745
154	120103	0	1	1	27	10	2	5	433425	7a6150	b97b59	f3c5a4	119761	119745
155	120104	0	1	1	21	9	6	0	4a372c	a27247	856179	f9af93	119763	119745
156	120105	0	1	1	25	13	0	0	cfc1ac	607e4b	d08f95	f3c5a4	120046	119745
157	120106	0	1	1	19	16	2	0	403528	7a6150	6b5a3a	695854	120107	119745
158	120108	0	1	1	17	14	0	0	2d2f3b	7ca3a2	915971	f3c5a4	120109	119745
159	120110	0	1	1	5	5	2	0	453723	7a6150	e6ccc6	e2a893	120111	119819
160	120112	0	1	1	6	4	2	0	8e7f6b	454545	9e635a	f9af93	119777	119745
161	120113	0	1	1	29	12	6	10	a5bbcc	454545	9a715e	a47b61	119779	119745
162	120114	0	1	1	28	16	11	9	864444	642132	ffdfd2	bf8a75	119781	119745
163	120115	0	1	1	5	16	0	0	708399	62a3bd	b28d8c	e2a893	120043	119745
164	120116	0	1	1	39	10	0	0	d5dcbb	a8bed5	856179	e6af8c	120035	119745
165	120117	0	1	1	40	17	2	0	6a433a	7a6150	4d2d2b	d89a74	119789	119745
166	120118	0	1	1	7	20	0	0	604438	a78f5c	a57e57	a47b61	120119	119745
167	120120	0	1	1	43	10	0	0	f2d8a5	6687a6	856179	f3c5a4	119793	119745
168	120121	0	1	1	42	20	2	0	422e26	fcfcfa	6b5a3a	a47b61	119795	119745
169	120122	0	1	1	40	21	0	0	322c1f	454545	6d3938	f3c5a4	119797	119745
170	120123	0	1	1	1	7	2	0	90584a	9b5b6e	856179	f9af93	120124	119745
171	120125	0	1	1	19	21	1	0	745631	7a6150	3c2e2c	695854	120126	119745
172	120127	0	1	1	28	22	4	0	3e2d2a	3b3324	806879	a47b61	119805	119745
173	120128	0	1	1	10	22	6	7	604838	7a6150	3c2f2c	f3c5a4	119807	119745
174	120129	0	1	1	11	16	0	6	ffffff	454545	6b5a3a	695854	119809	119745
175	120130	0	1	1	18	16	0	2	dad9bd	93cbc7	8e5748	e6af8c	119811	119745
176	120131	0	1	1	7	23	2	10	443729	454545	866458	695854	119813	119745
177	120132	0	1	1	37	15	0	0	342d3b	7a6150	856179	f9af93	119773	119745
178	120133	0	1	1	3	12	0	0	dcd2ab	7a6150	826465	e2a893	119881	119745
179	120134	0	1	1	44	10	0	9	ecd59c	4051a8	d6946b	a47b61	120135	119745
180	120136	0	1	1	46	13	0	0	dc6d6d	cabfe1	fbc5cb	f3c5a4	120137	119745
181	120138	0	1	1	22	13	0	0	cfcab8	678cac	d08f95	f3c5a4	120139	119745
182	120140	0	1	1.053762	45	10	0	0	a78f68	869993	856179	e6af8c	120141	120142
183	120143	0	1	1	47	1	2	7	6d4137	7a6150	66483d	e2a893	120144	119745
184	120145	0	1	1	8	10	0	0	41312a	454545	6b5a3a	f9af93	119821	119745
185	120146	0	1	1	10	9	0	0	dad1bd	454545	806b5b	e6af8c	120147	119745
186	120148	0	1	1	4	2	2	0	745631	7a6150	b17870	e2a893	119874	119745
187	120149	0	1	1	18	11	8	0	422826	454545	ffdfd2	bf8a75	119877	119745
188	120150	0	1	1	3	10	0	0	5a3c31	454545	6b5a3a	e2a893	120151	119745
189	120152	0	1	0.950268	41	10	0	0	5a2507	936e61	b3867f	f0bea2	120153	120154
190	120155	0	1	1	20	13	0	0	121212	8c7769	944a50	c4a89c	120156	119875
191	120157	0	1	1.047773	10	16	7	0	dccaae	595959	dd9387	a88672	120158	120159
192	120160	0	1	1	43	1	0	0	fcd58c	e1e9e8	f0baa8	d7b79e	119840	119745
193	120161	0	1	1	1	1	0	0	ffffff	cacaca	ffdfd2	fadfce	119744	120162
194	120163	0	1	1	1	1	0	0	ffffff	cacaca	ffdfd2	fadfce	119744	120164
195	120165	0	1	1	1	1	0	0	ffffff	cacaca	ffdfd2	fadfce	119744	120166
196	120167	0	1	1	20	16	13	0	281710	5b4e35	ffdfd2	b59485	120168	119875
197	120169	0	1	1	10	7	4	0	a7795c	8f8164	c88f89	f0bea2	120170	120171
198	120172	0	1	1	8	7	4	0	221b15	767d7a	b37f7f	e1ad93	120173	120174
199	120175	0	1	1	4	14	3	0	745631	795339	c88f89	e1ad93	120176	120177
200	120178	0	1	1	3	11	4	0	fcf8d3	708494	c88f89	a6806e	120179	120180
201	120181	0	1	1	3	7	0	0	ffffff	809272	b87b7a	e1ad93	120182	120183
202	120184	0	1	1	12	2	2	0	6a533d	8c7769	c88f89	e1ad93	120185	120186
203	120187	0	1	1	10	9	10	0	e4e8cd	607193	c88f89	a6806e	120188	120189
204	120190	0	1	1	6	8	0	0	d6c8aa	8a9aaa	b97d79	e1ad93	120191	120192
205	120193	0	1	1	2	11	7	0	f0eddf	8c7769	c88f89	a6806e	120194	120195
206	120196	0	1	1	3	7	0	0	af9068	a79875	b4827e	f0bea2	120197	120198
207	120199	0	1	1	8	10	2	6	ece7d6	8799ad	a98e89	b18c7d	120200	120201
208	120202	0	1	1	6	16	2	0	e8e1cd	5e6955	aa9088	a0826c	120203	120204
209	120205	0	1	1	4	7	0	0	ffffff	a68a7c	ad8885	e1ad93	120206	120207
210	120208	0	1	1	19	16	0	0	ffffff	b1b4db	472629	9e7766	120209	120210
211	120211	0	1	1	17	7	0	7	f5e2a0	7a9cad	b97979	f0bea2	120212	120213
212	120214	0	1	1	15	12	5	0	1e1513	1c2b2d	c49f9c	89675e	120215	120216
213	120217	0	1	1	1	7	2	0	d1a795	e5c5ba	b28d8c	f5cfca	120218	120219
214	120220	0	1	1	29	12	6	10	a4a4a4	ffffff	ffdfd2	b09985	119779	120221
215	120222	0	1	1.055757	5	5	2	0	4f3c2f	ffffff	e6ccc6	f5d3c8	120223	120224
216	120225	0	1	1.011598	2	1	0	0	2b3446	cacaca	ffdfd2	f6d2cc	120226	120227
217	120228	0	1	1	5	8	0	0	745631	748296	bc7e80	e1ad93	120229	120230
218	120231	0	1	1	6	7	4	0	745631	8c7769	b37676	e1ad93	120232	120233
219	120234	0	1	1	10	7	0	0	533b31	8c7769	b17879	e1ad93	120235	120236
220	120237	0	1	1	8	1	2	0	2f241d	a89f7a	944e50	e1ad93	120238	120239
221	120240	0	1	1	10	16	2	0	fcfbfa	537771	c88f89	a6806e	120241	120242
222	120243	0	1	1.055835	18	16	0	0	f2e6e2	575f84	83605f	b99785	120244	119861
223	120245	0	1	1	2	1	0	0	925a38	e1e9e8	d99379	d5b4a3	120246	119745
224	120247	0	1	1	1	1	0	0	ffffff	cacaca	ffdfd2	fadfce	119744	120248
225	120249	0	1	1	1	1	0	0	ffffff	cacaca	ffdfd2	fadfce	119744	120250
226	120251	0	1	1	1	1	0	0	ffffff	cacaca	ffdfd2	fadfce	119744	120252
227	120253	0	2	1	57	27	0	0	553633	bbbbbb	f0cfd5	f0dcd7	120254	119745
228	120255	0	2	1	54	28	0	0	5a3c35	ffffff	e6bed7	f0dcd7	120256	119745
229	120257	0	2	0.969497	53	26	0	0	64322d	dbceb3	e3a8c8	f8dad1	120258	120259
230	120260	0	2	1	53	26	0	0	64322d	dbceb3	e3a8c8	f8dad1	120261	120262
231	120263	0	2	1	40	25	0	0	513330	ffffff	e6c3e4	f9ded6	120264	119745
232	120265	0	2	1	55	29	0	0	78403c	f4f4f4	e6c8c8	ecc6ae	120266	119745
233	67170	0	2	1	5	1	0	0	ffffff	cacff0	ffdfd2	e6d2cd	119744	119745
234	120267	0	2	1	9	8	0	0	291129	d2bcde	d9c7c7	ebd7d2	120268	119745
235	120269	0	2	1	33	19	0	0	cfb89d	90a884	ecd5d4	ebd7d2	120270	119745
236	120271	0	2	1	26	9	0	0	b16a6a	acafb9	e7c9ca	ebd7d2	120272	119745
237	120273	0	2	1.042649	35	9	0	0	c3b788	aaca6c	d08f95	f3c5a4	120274	120275
238	120276	0	2	1	24	16	0	0	1d1d1d	a3b2a0	d6abab	ecc2af	120277	119745
239	120278	0	2	1	43	19	0	0	c58ca3	90a884	dfc7b9	f8d8d4	120279	119745
240	120280	0	2	1	4	19	0	0	b3846d	62a3bd	d08f95	e2a893	120281	119745
241	120282	0	2	1	16	20	0	0	2b2b2b	a1bf92	e3c9c0	f5d6c8	120283	119745
242	120284	0	2	1	21	15	0	14	2b2b2b	c5c1ca	e2cfc0	b7997f	120285	119745
243	120286	0	2	1	30	19	2	10	d0ca9e	90a884	ebe0d3	f4e1d1	120287	119745
244	120288	0	2	1	17	9	0	0	211b15	acafb9	dabcb1	f9ddd6	120289	119745
245	120290	0	2	1	41	9	1	0	ac6664	acafb9	e7c9cd	f2cabf	120291	119745
246	67172	0	2	1	2	10	0	4	af7068	cacff0	e6cbc8	f3cec4	120292	119745
247	120293	0	2	1	23	12	0	0	e2c4e4	e3c2ff	fbc5cb	f0dcd7	120294	119745
248	120295	0	2	1	32	15	0	0	c59584	c5c1ca	f7d2ee	f0dcd7	120296	120297
249	120298	0	2	1	34	19	0	0	ffffff	90a884	efe7dc	f5e1dc	120299	119745
250	120300	0	2	1	2	3	1	0	e1e1b9	968e84	d7b3a7	c3aaa1	120301	120302
251	120303	0	2	1	44	23	0	0	cdb19a	a3bad2	f5f0e9	f9e2d6	120304	119745
252	120305	0	2	1	25	19	2	0	ffffff	e1f1e2	ede4d6	f9e5d6	120306	119745
253	120307	0	2	1.029144	38	10	0	0	ffffff	bfcbe1	ebd3e2	f5e1dc	120308	120309
254	120310	0	2	1	3	10	0	0	faf9f4	cacff0	e4cbc3	f5e1dc	120311	119745
255	120312	0	2	1.101922	12	22	3	0	a77d5c	c9e6de	dfc2b9	f8e2d4	120313	120314
256	120315	0	2	1	24	7	0	0	32271f	605738	9c7b62	c59877	120316	119745
257	120317	0	2	1	19	23	0	0	1e1420	877fbd	d3b0a0	f8dfd4	120318	119745
258	67176	0	2	1	1	1	0	1	e3e6f3	e0e0d6	e9dfdf	f6d5cf	120319	119745
259	120320	0	2	1	16	22	0	0	443429	e8e3ce	a67f52	d0a282	120321	119745
260	120322	0	2	0.969497	46	5	0	0	cbb595	8c94c5	dfbdb9	f8dfd4	120323	120324
261	120325	0	2	1	48	23	0	0	ffffff	7faebd	f7f2ed	f8e3d4	120326	119745
262	120327	0	2	1	47	23	0	0	c09083	7691b8	edd6e0	f0dcd7	120328	119745
263	120329	0	2	1	45	23	0	0	c0a983	7287b5	efdbda	f6d7c9	120330	119745
264	120331	0	2	0.969497	49	19	0	0	f6f4eb	bbc5df	f7f4ed	f3dbcf	120332	120333
265	120334	0	2	1	52	15	2	0	d78c50	bbb6dc	deb6d9	f8dcd1	120335	119745
266	120336	0	2	1.033387	50	19	0	0	f19b97	b6727d	f2ede2	f8ded4	120337	120338
267	120339	0	2	1	51	17	0	17	f0f6f8	6e4c89	f5f0e9	b4a398	120340	119745
268	120341	0	2	1.033387	58	14	0	8	dfacd5	d3a3e9	e7c0ff	f1dfdb	120342	120338
269	67178	0	2	1	10	1	0	0	cd938b	e0e0d6	cab4af	f6d5cf	120343	119745
270	120344	0	2	1	59	9	0	0	373024	989898	f4c4bb	ebd7d2	120345	119745
271	120346	0	2	0.969497	52	19	0	0	f4906f	6992f2	c59b8f	dab6ab	120347	120259
272	120348	0	2	1.042649	53	36	0	0	fac292	6992f2	d5988f	ecb4a0	120349	120275
273	120350	0	2	0.969497	15	1	0	0	8d3a35	eca255	c3a1a9	c79687	120351	120333
274	120352	0	2	1.042649	48	30	0	0	f19b97	428da0	d49087	e5b4a5	120353	120275
275	120354	0	2	0.969497	8	34	0	0	bbd6dc	bcbcdb	c79da0	eabfaf	120355	120333
276	120356	0	2	1	10	31	0	0	b2e2e5	f17eb8	d39f88	f0c8c3	120357	119745
277	120358	0	2	1.042649	59	33	0	0	8b4974	5a9ad5	d1a99b	e7b4a8	120359	120275
278	120360	0	2	1	17	32	0	0	534885	da9ae2	d9928b	e9bfae	120361	119745
279	120362	0	2	0.969497	33	1	0	0	9cb5c7	607f83	d1a99b	c19d8f	120363	120333
280	120364	0	2	1	8	1	0	0	d5a8c3	e0e0d6	ebd1d7	f5cbb4	120365	119745
281	120366	0	2	1	4	9	0	0	c1849a	acafb9	e6c7cd	f7ddcf	120367	119745
282	120368	0	2	1	5	10	0	0	d0d0d0	cacff0	cab6af	eabdaa	120369	119745
283	120370	0	2	1	6	1	0	0	dddddd	e0e0d6	eae3ec	f0dcd7	120371	119745
284	120372	0	2	1	7	1	0	0	e3ddc3	e0e0d6	e7d0ca	f2d9ca	120373	119745
285	120374	0	2	1	34	15	0	0	ffffff	c5c1ca	f7d2ee	f0dcd7	120375	119745
286	120376	0	2	1	24	7	0	0	ffffff	605738	9c7b62	f0dcd7	120377	120378
287	120379	0	2	1.032289	41	10	0	0	ac6664	acafb9	e7c9cd	f2cabf	120380	120381
288	120382	0	2	1	19	16	0	10	ffffff	c5c1ca	f7d2ee	f0dcd7	120383	119745
289	120384	0	2	1	43	21	0	0	ffffff	ffffff	dfc7b9	fadfce	120385	119745
290	120386	0	2	1	32	6	2	0	e18453	3e140c	c98a92	c2a198	120387	120388
291	120389	0	2	1	11	17	0	0	cac495	67885c	d69090	c8947d	120390	120391
292	120392	0	2	1	13	8	0	0	e0ead1	634f3e	c59492	c8947d	120393	120394
293	120395	0	2	1	6	3	0	0	e7e2b0	434f5e	d69090	c8947d	120396	120397
294	120398	0	2	1	5	14	0	0	7ca094	5b402f	d69090	c8947d	120399	120400
295	120401	0	2	1	9	2	0	0	a76b5c	677555	d08987	e2a893	120402	120403
296	120404	0	2	0.969497	25	9	0	0	e6d3c9	acafb9	e6c7cd	f7ddcf	120405	120333
297	120406	0	2	1.062677	10	31	0	0	b2e2e5	f17eb8	d39f88	f3c5a4	120357	120407
298	120408	0	2	1.042649	15	1	0	0	dddddd	e0e0d6	eae3ec	f0dcd7	120371	120275
299	120409	0	2	1.144524	16	20	0	0	2b2b2b	a1bf92	e3c9c0	c3aaa1	120410	120411
300	120412	0	2	1.033387	19	19	0	0	cdbe9a	90a884	ecd5d4	f0dcd7	120413	120338
301	120414	0	2	1.101922	8	14	0	0	aa6b60	acafb9	e7c9ca	f0dcd7	120415	120416
302	120417	0	2	0.753728	43	9	0	0	c1849a	acafb9	e6c7cd	f7ddcf	120418	120419
303	120420	0	2	0.818558	18	9	0	0	ffffff	acafb9	e6c7cd	f7ddcf	120421	120422
304	120423	0	2	0.65	37	11	0	0	b16a6a	acafb9	e7c9ca	f0dcd7	120424	120425
305	120426	0	2	0.753728	48	30	0	0	f19b97	428da0	d49087	e2a893	120353	120427
306	120428	0	2	1	58	30	0	0	bbd6dc	bcbcdb	c79da0	e5c1b4	120429	119745
307	120430	0	2	1	1	1	0	0	ffffff	e0e0d6	ffdfd2	fadfce	119744	120431
308	120432	0	2	1	1	1	0	0	ffffff	e0e0d6	ffdfd2	fadfce	119744	120433
309	120434	0	2	1	1	1	0	0	ffffff	e0e0d6	ffdfd2	fadfce	119744	120435
310	120436	0	2	1	33	8	0	0	683c41	ab8f52	bf867b	ae7865	120437	120438
311	120439	0	2	1.003953	1	2	0	1	f4e0a3	ac88c6	bd8d96	f1c3aa	120440	120441
312	120442	0	2	1.033387	48	1	2	9	231617	ffffff	866458	fbb966	120443	120444
313	120445	0	2	1.08811	21	1	0	13	000000	ffffff	ffdfd2	fbb966	120446	120447
314	120448	0	2	1.001677	16	1	5	17	231617	ffffff	866458	fbb966	120443	120449
315	120450	0	2	1.042649	16	1	0	9	ffffff	ffffff	7d6f55	bb8142	120451	120452
316	120453	0	2	1.098914	12	1	0	9	160e12	ffffff	806879	bb8142	120454	120455
317	120456	0	2	1.005278	48	1	0	9	ffffff	ffffff	866458	bb8142	120457	120458
318	120459	0	2	1.037691	48	1	0	9	ffffff	ffffff	efe6db	bb8142	120460	120461
319	120462	0	2	1.104316	16	1	0	9	171623	ffffff	7d6f55	bb8142	120451	120463
320	120464	0	2	1.00888	11	1	0	14	ffffff	ffffff	7d6f55	bb8142	120465	120466
321	120467	0	2	0.993481	21	1	3	14	ffffff	ffffff	7d6f55	f3b443	120468	120469
322	120470	0	2	1.086309	15	1	3	14	ffffff	ffffff	7d6f55	f3b443	120468	120471
323	120472	0	2	1.014282	38	1	0	0	c9c1df	ffffff	e7ccc9	f3b443	120473	120474
324	120475	0	2	1	6	15	1	0	ac9f7c	634c32	92626c	9c786c	120476	120477
325	120478	0	2	1	9	3	0	0	c6ba8e	4d335d	d69090	e2a893	120479	120480
326	120481	0	2	1	13	19	0	0	a59771	58653c	d69090	c8947d	120482	120483
327	120484	0	2	1	7	15	0	0	c98d4d	62412e	d69090	e2a893	120485	120486
328	120487	0	2	1	13	3	0	0	66523b	1e3128	d69090	e2a893	120488	120489
329	120490	0	2	0.987179	2	9	2	0	f7dba0	aa7632	cf9596	f1c3aa	120491	120492
330	120493	0	2	0.980876	9	19	0	0	241524	3e3c2b	b08382	e2a893	120494	120495
331	120496	0	2	1.001677	33	19	0	0	76563d	b0632f	9e7282	f1c3aa	120497	120498
332	120499	0	2	0.969497	47	19	2	0	e7c083	395255	a77f7b	f1c3aa	120500	120501
333	120502	0	2	1.005278	13	19	0	10	7a8e9c	947cde	957585	e2a893	120503	120504
334	120505	0	2	1.085032	19	17	0	1	f4c679	435c33	c89ca8	f1c3aa	120506	120507
335	120508	0	2	1	27	10	0	0	32251e	556281	c89cac	c7a499	120509	119745
336	120510	0	2	0.980876	9	19	0	0	291129	3e3c2b	907580	e2a893	120494	120495
337	120511	0	2	1.001677	33	19	0	0	cfb89d	b0632f	9e7282	f1c3aa	120497	120498
338	120512	0	2	1.033387	9	8	0	0	495172	9c75a4	be8c8c	e2a893	120513	120514
339	120515	0	2	1	25	9	2	0	c08686	aa81be	a48489	f1c3aa	120516	120517
340	120518	0	2	1	6	1	0	3	e9aec1	7f4628	b98595	e2a893	120519	119745
341	120520	0	2	1.033387	5	36	0	0	fac292	bdccf4	fccfc1	e8c6bb	120521	120338
342	120522	0	2	1	1	1	0	0	ffffff	e0e0d6	ffdfd2	fadfce	119744	120523
343	120524	0	2	1	1	1	0	0	ffffff	e0e0d6	ffdfd2	fadfce	119744	119745
344	120525	0	2	1	1	1	0	0	ffffff	e0e0d6	ffdfd2	fadfce	119744	120526
345	120527	0	2	1.042649	10	19	0	0	f5e2a0	437653	c695a3	f1c3aa	120528	120529
346	120530	0	2	1	14	10	0	0	985360	40446d	c69f9e	c7a499	120531	120532
347	120533	0	2	1	9	7	0	0	d6a269	5f4d3c	d39491	c8947d	120534	120535
348	120536	0	2	1	12	9	0	0	af644f	8a5f8e	d69090	e2a893	120537	119745
349	120538	0	2	0.923697	17	9	0	0	425374	6d5b7b	dc969f	f1c3aa	120539	120540
350	120541	0	2	0.904377	2	9	0	0	3d2535	8b4b6b	dc969f	f1c3aa	120542	120543
351	120544	0	2	0.904377	26	9	0	0	d78c50	b67443	dc969f	f1c3aa	120545	120546
352	120547	0	2	1	10	3	0	0	d0bb91	415a4c	d69090	e2a893	120548	119745
353	120549	0	2	1	7	1	0	0	749c7e	465133	d69090	e2a893	120550	119745
354	120551	0	2	1	3	6	0	0	643a52	58352c	d19893	f1c3aa	120552	119745
355	120553	0	2	1	4	4	1	0	b78d5f	8f6753	d69090	e2a893	120554	119745
356	120555	0	2	1	5	7	2	0	e7bcb0	8b565f	d69090	c8947d	120556	119745
357	120557	0	2	1	38	5	0	0	7f98a9	507471	cd979a	f1c3aa	120558	119745
358	120559	0	2	1	13	21	0	0	8da4b3	596871	d69090	c8947d	120560	120561
359	120562	0	2	1	1	21	0	0	ddd2ba	8c7769	d69090	e2a893	120563	120564
360	120565	0	2	1.042649	5	1	0	0	d1d0b6	7a6150	af7e7a	e2a893	119744	120275
361	120566	0	2	1	9	8	0	0	291129	725f7a	c29aaa	f9af93	120567	119745
362	120568	0	2	1	33	19	0	0	7e5f4b	7a6150	ba796f	e2a893	120569	119745
363	120570	0	2	1	26	9	0	0	843d39	4d3828	d08f95	f9af93	120272	119745
364	120571	0	2	1	24	16	0	0	1d1d1d	454545	836046	d4a883	120277	119745
365	120572	0	2	1	43	19	0	0	8d4c66	412563	ae709b	e8a396	120573	119745
366	120574	0	2	1	16	20	0	0	3e2a35	4051a8	8f6f59	c99d82	120575	119745
367	120576	0	2	1	21	15	0	14	353039	7765c1	835549	a47b61	120577	119745
368	120578	0	2	1	30	19	2	10	705a3a	4051a8	c26a66	e2a893	120579	119745
369	120580	0	2	1	17	9	0	0	211b15	454545	b88861	f3c5a4	120516	119745
370	120581	0	2	1	41	9	1	0	562f33	acafb9	896350	bf8a75	120291	119745
371	120582	0	2	1	2	10	0	4	824441	9b7a61	aa7572	e8a396	120583	119745
372	120584	0	2	1	23	12	0	0	e685b9	a98ed0	af6c95	e2a893	120294	119745
373	120585	0	2	1	32	15	0	0	5e3834	2c4358	7c5b4a	e2a893	120586	119745
374	120587	0	2	1	34	19	0	0	f4dfa3	62a3bd	c77371	f9af93	120299	119745
375	120588	0	2	1	2	3	1	0	d5b889	454545	99796a	886e68	120301	119745
376	120589	0	2	1	25	19	2	0	dfd6b8	7795b8	c26a66	e2a893	120306	119745
377	120590	0	2	1	38	10	0	0	ffffff	7a6150	d08f95	f9af93	120591	119745
378	120592	0	2	1	3	10	0	0	a7b891	83b087	927c54	e2a893	120593	119745
379	120594	0	2	1	12	22	3	0	78382c	454545	c26a66	e8a396	120595	119745
380	120596	0	2	1	24	7	0	0	32271f	605738	9c7b62	c59877	120316	119745
381	120597	0	2	1	19	23	0	0	1e1420	6b52bb	d08f95	f9af93	120598	119745
382	120599	0	2	1	1	1	0	1	e3e6f3	5f8b8a	d08f95	f9af93	120319	119745
383	120600	0	2	1	16	22	0	0	443429	454545	4c381b	a47b61	120321	119745
384	120601	0	2	1	46	5	0	0	dcc08c	7a6150	da9b80	e2a893	120323	119745
385	120602	0	2	1	48	23	0	0	cccbcc	4051a8	cb8275	e2a893	120326	119745
386	120603	0	2	1	47	23	0	0	a45952	7d4d59	d08f95	f9af93	120328	119745
387	120604	0	2	1	45	23	0	0	fcd58c	454545	c26a66	e2a893	120330	119745
388	120605	0	2	1	49	19	0	0	f0d998	7a6150	ab6c7b	e2a893	120332	119745
389	120606	0	2	1	52	15	2	0	8b583f	454545	ac7557	e2a893	120335	119745
390	120607	0	2	1	50	19	0	0	9a3f43	7a4b9e	c26a66	e8a396	120337	119745
391	120608	0	2	0.969497	51	17	0	17	d78c50	6e4c89	d1a99b	695854	120340	120333
392	120609	0	2	1	10	1	0	0	814845	7a6150	b87c6e	e8a396	120343	119745
393	120610	0	2	1	8	1	0	0	8b5887	8a7ac5	c78393	f9af93	120611	119745
394	120612	0	2	1	4	9	0	0	7f4256	70639c	c58378	e2a893	120405	119745
395	120613	0	2	1	5	10	0	0	d0d0d0	454545	a67f7c	bf8a75	120369	119745
396	120614	0	2	1	6	1	0	0	fcd58c	7a6150	d08f95	e2a893	120371	119745
397	120615	0	2	0.969497	7	1	0	0	745631	7a6150	a4887e	e6af8c	120373	120333
398	120616	0	2	0.933608	2	9	0	0	f8de93	8978b0	cd9a97	f1c3aa	120617	120618
399	120619	0	2	1.000931	13	9	0	0	c1849a	597da5	cd9997	f1c3aa	120405	120620
400	120621	0	2	0.851496	47	23	0	0	805732	505991	cd9a97	f1c3aa	120622	120623
401	120624	0	2	1	52	23	0	0	fea686	c7fffc	efd5fc	deb49e	120625	119745
402	120626	0	2	1	1	1	0	0	ffffff	e0e0d6	ffdfd2	fadfce	119744	120162
403	120627	0	2	1	1	1	0	0	ffffff	e0e0d6	ffdfd2	fadfce	119744	120164
404	120628	0	2	1	1	1	0	0	ffffff	e0e0d6	ffdfd2	fadfce	119744	120166
405	120629	0	2	1	13	21	0	0	ced6c1	839075	c48b83	ae8b77	120630	120631
406	120632	0	2	1.005278	39	19	2	0	f1c571	74522d	ba908d	f1c3aa	120633	120634
407	120635	0	2	1	9	8	0	0	d78c50	725b3b	ab807e	9c786c	120636	120637
408	120638	0	2	1	3	7	0	0	36435b	43406d	dc969f	f1c3aa	120639	120640
409	120641	0	2	1	3	2	0	0	b4824b	72543b	d69090	e2a893	120642	120643
410	120644	0	2	1	37	14	0	0	ba6b3f	3d424d	b27779	e2a893	120645	120646
411	120647	0	2	1	10	2	0	0	17110f	595959	dc969f	f1c3aa	120648	120649
412	120650	0	2	1	25	6	0	0	aa6060	7e5a3a	d69090	e2a893	120651	120652
413	120653	0	2	1	43	9	0	0	b67f43	7c9969	dc969f	f1c3aa	120654	120655
414	120656	0	2	1.038458	48	17	0	0	dfccb8	2d3746	ad7667	76594c	120657	120658
415	120659	0	2	1	23	12	0	0	e2c4e4	ffffff	fbc5cb	f0dcd7	120660	120661
416	120662	0	2	1	23	12	0	0	e2c4e4	ffffff	fbc5cb	f0dcd7	120663	120664
417	120665	0	2	1	10	1	0	0	cd938b	e0e0d6	cab4af	f6d5cf	120666	120667
418	120668	0	2	1	10	1	0	0	cd938b	e0e0d6	cab4af	f6d5cf	120666	120669
419	120670	0	2	1.029997	6	1	0	0	dddddd	e0e0d6	eae3ec	fadfce	120671	120672
420	120673	0	2	1	9	2	0	0	745631	544061	c18886	e2a893	120674	120675
421	120676	0	2	1	42	19	0	0	f6dfa1	dbc2ff	c1a3ad	fadfce	120677	120678
422	120679	0	2	1	10	2	0	0	2d2839	6a4a3d	c69ea7	f1c3aa	120680	120681
423	120682	0	2	1	18	19	0	0	ffbb96	3e316b	fedccb	efcabb	120683	119745
424	120684	0	2	1	1	1	0	0	ffffff	e0e0d6	ffdfd2	fadfce	119744	120685
425	120686	0	2	1	1	1	0	0	ffffff	e0e0d6	ffdfd2	fadfce	119744	120687
426	120688	0	2	1	1	1	0	0	ffffff	e0e0d6	ffdfd2	fadfce	119744	120689
427	120690	0	2	1	25	9	0	0	573a34	727cb6	cf959f	f1c3aa	120691	120692
428	120693	0	2	0.878552	48	13	5	0	baa6c2	947cde	c69eb5	bf7a71	120694	120695
429	120696	0	2	1.029144	32	19	0	0	8fb9c3	363d65	b88f9d	f1c3aa	120299	120697
430	120698	0	2	1	35	27	0	0	ad7c64	bbbbbb	fbc5cb	f4d4c4	120699	119745
431	120700	0	2	0.987179	2	9	2	0	f5e2a0	8c7769	ffdfd2	f9e5d6	120701	120492
432	120702	0	2	0.969497	54	28	0	0	68503c	ffffff	e6bed7	f0dcd7	120703	120259
433	120704	0	2	1.033387	53	26	0	0	7c4b46	dbceb3	e3a8c8	f8dad1	120705	120634
434	120706	0	2	1	40	25	0	0	513c30	ffffff	e6c3e4	f9ded6	120707	119745
435	120708	0	2	1	55	29	0	0	794447	f4f4f4	e5c4d7	f3d2c2	120709	119745
436	120710	1	1	1.001899	49	16	0	0	311f1e	595959	ceafd2	ffffff	120711	120712
437	120713	1	1	1	10	5	3	0	221f15	eaedd1	bdbdbd	d1deec	120714	120715
438	120716	1	1	1	1	1	0	0	5f5270	ffe7e7	e5e5ff	d2d7f4	119744	120715
439	120717	1	1	1	8	10	0	0	1f1f1f	f0b547	535353	9eb3c6	120718	120715
440	120719	1	1	1	5	18	0	12	000000	ce7dcd	3e2642	a6adc9	120720	120721
441	120722	1	1	1	20	12	2	0	323232	ffa7a7	e5e5ff	f5f4f9	120723	120724
442	120725	1	1	1	28	22	1	2	191919	cdb999	573e3e	c4d0b4	120726	120721
443	120727	1	1	1	27	11	10	0	5f5270	ffe7e7	575059	94acbb	120728	120715
444	120729	1	1	1	22	13	0	0	f4ede8	ff8f8f	e5e5ff	f1f1f0	120730	120715
445	120731	1	1	1	27	15	0	3	292339	deddd0	c6e2df	a0b0bd	120732	120715
446	120733	1	1	1	27	22	1	10	201417	90b49a	786280	8c8eaa	120734	120721
447	120735	1	1	1	28	8	1	3	524a5c	ffe7e7	54607a	acb5d3	120736	120715
448	120737	1	1	1	19	11	5	6	ffffff	ffe7e7	575059	798793	120738	120715
449	120739	1	1	1	15	1	1	0	524a5c	ffe7e7	e5e5ff	e7e0fb	120740	120741
450	120742	1	1	1	24	1	10	12	4e2f44	ffe7e7	ebd3e4	7f899d	120743	120715
451	120744	1	1	1	30	15	1	9	965252	deddd0	d4a7ba	e4e9f5	120745	120715
452	120746	1	1	1	30	22	1	0	905250	ffffff	5e3e5e	cbbdda	120747	120721
453	120748	1	1	1	5	5	3	6	0e1820	eaedd1	d7e4df	afced5	120749	120715
454	120750	1	1	1	19	4	8	6	524a5c	fff5e7	1f1a27	c3cde3	120751	120752
455	120753	1	1	1	26	11	10	4	46442b	ffe7e7	e5e5ff	828c75	120754	120715
456	120755	1	1	1	11	11	0	10	000000	ffe7e7	e5e5ff	b3d5f2	120756	120757
457	120758	1	1	1	36	12	0	0	1a1826	ffa7a7	9e98b8	ccd9e9	120759	120715
458	120760	1	1	1	25	3	0	0	f1efe1	9aaacd	e5e5ff	d2d7f4	120761	120715
459	120762	1	1	0.979278	5	1	1	3	66302b	ffe7e7	1f1a27	a2b7ca	120763	120764
460	120765	1	1	1.055225	11	21	1	5	414141	955252	494949	a8b8cf	120766	120767
461	120768	1	1	1.055225	14	22	1	5	e7e8ce	cee8d2	f5e9f2	e8eef3	120769	120767
462	120770	1	1	1.055225	32	22	5	5	252525	cee8d2	c6e2df	7b8b97	120771	120767
463	120772	1	1	1.055225	40	22	3	0	d1cca2	c2bb86	d7c1a7	f0f5ee	120773	120767
464	120774	1	1	1	2	1	2	2	152e33	ffe7e7	8ba7b2	97bebc	120775	120715
465	120776	1	1	1	44	16	0	0	b6dcd3	ffffff	f2eae2	e6f5f0	120777	120715
466	120778	1	1	1.055225	42	1	2	9	4e2f44	ffe7e7	ebd3e4	7f899d	120779	120767
467	120780	1	1	1	43	13	0	0	e1f1e5	5b3c35	e5e5ff	f5fbf3	120781	120715
468	120782	1	1	1.033387	41	22	3	0	d4d2ea	dfedd7	a2a2a2	aec5d4	120783	120784
469	120785	1	1	1	31	21	2	10	2c2c2c	cee8d2	f5e9f2	e3eee8	119813	120715
470	120786	1	1	1.055225	30	22	1	0	905250	ffffff	cc92a4	f0f0f0	120787	120767
471	120788	1	1	1	18	19	1	2	201814	f8f0f0	57649f	869aae	120789	120721
472	120790	1	1	1	9	18	2	7	edebd7	cee8ce	f0eade	ffffff	120791	120715
473	120792	1	1	1.055225	18	20	0	10	ecefdc	573b33	c6e2df	d5eee3	120793	120767
474	120794	1	1	1	28	22	1	2	191919	cdb999	f3ece4	e6f3e0	120795	120715
475	120796	1	1	0.979278	27	22	1	10	201417	faf5f5	ebd3d6	acbed2	120734	120764
476	120797	1	1	1	6	1	0	1	282828	ffe7e7	dcdccb	becde0	120798	120757
477	120799	1	1	1	45	11	0	10	ffffff	ffe7e7	e5e5ff	82788c	120756	120721
478	120800	1	1	1	47	13	0	0	dec593	575757	afa7b4	d6dfee	120801	120721
479	120802	1	1	1	46	15	0	0	ffffff	969dcb	e5e5ff	8e92a3	120803	120721
480	120804	1	1	1	48	1	2	0	152e33	b1d1da	4c4428	c4cfe4	120805	120721
481	120806	1	1	1.098217	21	13	0	0	b4ad90	9553c2	71689e	afabcd	119827	120807
482	120808	1	1	1	50	16	0	8	5f5270	947cde	9e98b8	d2d7f4	120809	120721
483	120810	1	1	1	36	8	5	0	a9b4df	b065a7	786280	696377	119837	119745
484	120811	1	1	1	8	1	0	0	2e223c	7e9dba	71689e	afabcd	119958	119819
485	120812	1	1	1	6	27	0	0	93b5bf	cfaf92	acb5d2	afabcd	119842	119843
486	120813	1	1	1.033387	17	3	0	0	d06262	f2d9a5	b094b4	9985ac	119845	120814
487	120815	1	1	1	43	26	0	0	1f313c	e197db	786280	b0b2be	119848	120715
488	120816	1	1	0.718464	35	27	0	0	d5c2d0	fa9da1	d08c91	c799b0	120817	120818
489	120819	1	1	1	1	7	0	0	8faddf	ccc9d5	bababa	bed8e0	120820	120715
490	120821	1	1	1	1	8	2	10	1f2432	c7ccab	667d77	697e87	120822	120721
491	120823	1	1	0.718464	2	28	0	0	adb7ea	f5b086	b97c78	bdabd2	120824	120818
492	120825	1	1	0.65	30	24	0	0	a89fb4	dd93aa	b094b4	a2a8c2	120826	120827
493	120828	1	1	1.001899	31	29	0	0	161630	d5abc3	71689e	7a6f93	119860	120712
494	120829	1	1	1.001899	30	15	0	0	9aa6b9	c25252	786280	6d728d	119865	120830
495	120831	1	1	1.001899	19	11	0	7	4f3838	c9bed2	573e3e	696377	120832	120830
496	120833	1	1	1.001899	18	8	5	0	999bba	c7c7c7	786280	6f6c84	119867	120830
497	120834	1	1	1.2	49	13	0	0	69584b	a86d97	9f8cc7	a8b0d0	120835	120836
498	120837	1	1	1	10	5	3	0	2e2e2e	eaedd1	bdbdbd	d1deec	120838	120715
499	120839	1	1	1	18	5	2	0	372f22	c7c7c7	71689e	a6adc9	120840	120721
500	120841	1	1	1	31	8	0	5	8faddf	ffe7e7	e5e5ff	8991ad	120842	120757
501	120843	1	1	1	3	4	5	0	ffffff	fff5e7	e2d7d3	e5f2f5	120844	120715
502	120845	1	1	1	3	11	2	6	ffffff	b7e0c2	71689e	a6adc9	120846	120721
503	120847	1	1	1	7	9	0	0	131313	ffdcdc	535353	bbc8de	120848	120715
504	120849	1	1	1	6	8	5	0	323b6f	5e76be	8d95be	9fb4c6	120850	120851
505	120852	1	1	1	9	7	0	0	2b4653	5852ca	837cad	a4a0bb	120853	120854
506	120855	1	1	1.107388	9	8	15	6	d7ccc0	81e2bc	718bb3	8da19c	120856	120857
507	120858	1	1	1	1	6	2	0	0e1d2a	9c9040	8b71a9	a6bbbf	120859	120860
508	120861	1	1	1	4	8	0	0	1a1e1a	806550	775e6c	6c788b	120862	120863
509	120864	1	1	1	9	8	5	6	a78d75	f8d5a3	31272d	485561	120865	120866
510	120867	1	1	1	8	2	1	0	141f29	3e4864	664b70	95a087	120868	120869
511	120870	1	1	1	12	1	2	7	b78c88	8b7256	706781	738379	120871	120872
512	120873	1	1	1	5	11	3	0	c7a27a	fbbfa9	755790	666175	120874	120875
513	120876	1	1	1.001899	6	1	0	0	d2d9ea	ffe7e7	dcdccb	becde0	119744	120830
514	120877	1	1	1	30	24	0	0	a89fb4	dd93aa	b094b4	a2a8c2	120826	119925
515	120878	1	1	1.105525	19	11	0	7	4f3838	c9bed2	573e3e	696377	120832	120879
516	120880	1	1	1.098217	31	8	0	5	8faddf	ffe7e7	e5e5ff	8991ad	120881	120807
517	120882	1	1	1.033387	22	13	0	0	c4bbdf	ff8f8f	e5e5ff	d2d7f4	120883	120814
518	120884	1	1	1.172308	19	1	2	6	ffffff	ffe7e7	575059	798793	120885	120886
519	120887	1	1	1.2	11	9	0	0	524a5c	fff5e7	9e98b8	c3cde3	120888	120836
520	120889	1	1	0.747245	25	3	0	0	f1efe1	9aaacd	e5e5ff	d2d7f4	120761	120890
521	120891	1	1	0.805592	19	4	8	6	524a5c	fff5e7	1f1a27	c3cde3	120892	120893
522	120894	1	1	1.2	13	5	0	0	2e2e2e	eaedd1	bdbdbd	8e92a3	120895	120896
523	120897	1	1	0.718464	31	29	0	0	161630	8f5eb1	71689e	7a6f93	120898	119947
524	120899	1	1	0.65	25	3	0	0	c5a398	4f669e	9881bb	b0b2c7	120900	120901
525	120902	1	1	1	18	8	5	0	999bba	c7c7c7	786280	65627a	119867	120903
526	120904	1	1	1	1	1	0	0	ffffff	ffe7e7	e5e5ff	d2d7f4	119744	120905
527	120906	1	1	1	1	1	0	0	ffffff	ffe7e7	e5e5ff	d2d7f4	119744	120907
528	120908	1	1	1	1	1	0	0	ffffff	ffe7e7	e5e5ff	d2d7f4	119744	120909
529	120910	1	1	1.033387	20	12	2	0	3c3858	ffa7a7	6266a3	a9adc0	120911	120912
530	120913	1	1	1.033387	2	1	2	2	472d57	7d5c4d	795290	a69cc4	120914	120915
531	120916	1	1	1.023285	6	1	0	6	cdc0a7	c9ac9f	a391c0	adb2ca	120798	120917
532	120918	1	1	1.033387	36	12	0	0	1a1826	ffa7a7	493864	adc0ca	120759	120919
533	120920	1	1	1	2	8	3	0	182441	e19064	574057	82788c	120921	120922
534	120923	1	1	1	4	2	0	0	ab966b	a8835d	a48eb9	8a9789	120924	120925
535	120926	1	1	1	5	5	6	0	1f353a	9f5831	785b55	7f646d	120927	120928
536	120929	1	1	1	4	4	2	0	000000	8c7769	7e6faa	7c7890	120930	120931
537	120932	1	1	1	4	14	1	0	5f5270	68549f	ceafd2	7a8a8e	120933	120934
538	120935	1	1	1.003953	18	4	9	0	cccccb	92b9fa	d9b4b8	939bac	120936	120937
539	120938	1	1	1	27	5	3	12	a9afee	4d66b1	695e80	747e94	120939	120940
540	120941	1	1	1	8	3	0	0	5f447a	697951	a289aa	b6aac3	120718	120942
541	120943	1	1	1	12	4	3	0	cbaaa9	8c7769	62547a	a0b0bd	120944	120945
542	120946	1	1	1	21	1	2	4	1b1411	6274a3	8d5f9d	a199b9	120947	120948
543	120949	1	1	1.06454	40	15	2	0	000000	4c87b9	7f6c8a	a4b2c5	120950	120951
544	120952	1	1	1	18	2	11	0	735f42	5c3b28	648a93	8e91a4	120953	120954
545	120955	1	1	1	18	7	0	0	dec593	a5d1e1	a289aa	c2b8cd	120956	120957
546	120958	1	1	1	16	15	0	0	9aa6b9	c25252	786280	a6adc9	119865	120715
547	120959	1	1	1	1	1	0	0	ffffff	ffe7e7	e5e5ff	d2d7f4	119744	120960
548	120961	1	1	1	1	1	0	0	ffffff	ffe7e7	e5e5ff	d2d7f4	119744	120962
549	120963	1	1	1	1	1	0	0	ffffff	ffe7e7	e5e5ff	d2d7f4	119744	120964
550	120965	1	1	1	20	1	2	0	1c1325	7a76cf	a08cbb	bac6ca	120966	120967
551	120968	1	1	1	13	15	2	6	ffffff	be82c3	9e98b8	7f8d9c	120969	120970
552	120971	1	1	1	5	1	3	0	22335b	c6917f	1f161b	9c94b5	120972	120973
553	120974	1	1	1	12	6	2	0	c5a58e	8c7769	594962	78758a	120975	120976
554	120977	1	1	1	5	4	5	0	dfbe8f	646d35	4c3949	7b7994	120978	120979
555	120980	1	1	1	6	1	0	0	365771	d7ad85	52334b	9198b3	120981	120979
556	120982	1	1	1	4	11	5	1	f7c79b	f3c683	7f6ba9	7f8697	120983	120979
557	120984	1	1	1	9	2	2	0	372b3f	4a4f69	47233d	a5af9f	120985	120979
558	120986	1	1	1	2	7	0	0	1d3744	4c6467	614859	a9b1c4	120987	120988
559	120989	1	1	1	5	8	0	0	2c5559	b2b8e5	211421	bf91a1	120990	120991
560	120992	1	1	1	3	11	0	0	eb9671	fcd6a8	261826	727a8e	120993	120994
561	120995	1	1	1	4	1	0	0	21262f	e1c0b6	634647	7e8679	120996	120997
562	120998	1	1	1	1	1	0	0	433854	7f709e	5c4d7e	afabcd	119744	120721
563	120999	1	1	1	8	10	0	0	1f1f1f	f0b547	535353	627085	120718	120721
564	121000	1	1	1	20	12	2	0	272d42	ffa7a7	4a2e3c	c799b0	121001	120721
565	121002	1	1	1	27	11	10	0	2a2544	ffe7e7	575059	5f6e7c	121003	120721
566	121004	1	1	1	22	13	0	0	cdccbb	ae81ae	71689e	a6adc9	120730	120721
567	121005	1	1	1	27	15	0	3	2a2544	535988	786280	627079	120732	120721
568	121006	1	1	1	28	8	1	3	302940	ffe7e7	54607a	7a6f93	120736	120721
569	121007	1	1	1	19	11	5	6	d7d7d2	ffe7e7	575059	505762	120738	120721
570	121008	1	1	1	15	1	1	0	2f2544	ffe7e7	786280	aea3da	120740	120721
571	121009	1	1	1	24	1	10	12	4e2f44	ffe7e7	573e3e	696377	120743	120721
572	121010	1	1	1	30	15	1	9	965252	b78fa9	5d3c48	afabcd	120745	120721
573	121011	1	1	1	5	5	3	6	0e1820	eaedd1	667d77	9ec5be	121012	120721
574	121013	1	1	1	19	4	8	6	2c2a3f	fff5e7	1f1a27	868098	120751	120721
575	121014	1	1	1	26	11	10	4	403629	ffe7e7	b094b4	606656	121015	120721
576	121016	1	1	1	11	11	0	10	000000	ffe7e7	282d40	abc3e1	120756	120721
577	121017	1	1	1	36	12	0	0	1a1826	7d5337	2e2741	afabcd	120759	120721
578	121018	1	1	1	25	3	0	0	cdd3b5	9aaacd	786280	afabcd	121019	120721
579	121020	1	1	1	5	1	1	3	4a1f26	cbc1e4	1f1a27	757d9a	120763	120721
580	121021	1	1	1	11	21	1	5	414141	955252	494949	696377	120766	120721
581	121022	1	1	1	14	22	1	5	7b6f55	cee8d2	573e3e	a6adc9	120769	120721
582	121023	1	1	1	32	22	5	5	727795	cee8d2	4c5679	5f687c	120771	120721
583	121024	1	1	1	40	22	3	0	cec27f	c2bb86	573e3e	a6adc9	121025	120721
584	121026	1	1	1	2	1	2	2	233946	ffe7e7	443e62	698482	120775	120721
585	121027	1	1	1	44	16	0	0	63877b	ffffff	364a60	b9c5b5	121028	120721
586	121029	1	1	1	42	1	2	9	4e2f44	ffe7e7	3f3351	696377	121030	120721
587	121031	1	1	1	43	13	0	0	dfdaca	5b3c35	573e3e	c8cdc1	120781	120721
588	121032	1	1	1	41	22	3	0	76689f	dfedd7	573e3e	a6adc9	121033	120721
589	121034	1	1	1	31	21	2	10	2e2c3c	cee8d2	272642	c3c6bf	119813	120721
590	121035	1	1	1	30	22	1	0	362642	ffffff	442432	afabcd	120747	120721
591	121036	1	1	1	9	18	2	7	a49e93	d1cadc	573e3e	b4aabe	120791	120721
592	121037	1	1	1	18	20	0	10	e9e4d6	573b33	241e4a	91a7a0	120793	120721
593	121038	1	1	1	28	22	1	2	191919	cdb999	573e3e	a2ad96	120726	120721
594	121039	1	1	1	27	22	1	10	201417	faf5f5	573e3e	5b5f78	120734	120721
595	121040	1	1	1	6	1	0	1	282828	ffe7e7	3a4275	afabcd	120798	120721
596	121041	1	1	1	45	13	0	0	dcdacd	ff8f8f	71689e	696279	121042	120721
597	121043	1	1	1	47	13	0	0	d78c50	575757	573e3e	afabcd	121044	120721
598	121045	1	1	1	46	15	0	0	b7a59d	bb9fc0	573e3e	696377	121046	120721
599	121047	1	1	1	48	12	2	0	1f1d4c	9bcf9e	372a3e	8888a4	121048	120721
600	121049	1	1	1	1	7	0	0	5876a4	ccc9d5	71689e	abc3e1	120820	120721
601	121050	1	1	1	10	5	3	0	303139	b0c5e6	2d2444	a6adc9	120838	120721
602	121051	1	1	1	31	8	0	5	6a76af	c6c5dd	573e3e	696377	120842	120721
603	121052	1	1	1	3	4	5	0	cfded7	c7c7c7	2a2645	afabcd	121053	120721
604	121054	1	1	1	7	9	0	0	131313	ffdcdc	535353	a6adc9	120848	120721
605	121055	1	1	0.950268	40	16	0	0	b8764d	6785c1	a27fa9	bbafc8	121056	121057
606	121058	1	1	1	18	4	7	0	a6aaa8	6a7748	63599d	8e94ad	121059	121060
607	121061	1	1	1.005278	38	1	0	0	3d3555	aa9b78	837ab3	abb1c7	121062	121063
608	121064	1	1	1.033387	27	11	10	0	3d3a56	aa9878	896d93	93a8ad	121003	120784
609	121065	1	1	1.033387	1	1	0	0	3e3159	7397af	756d93	a9abc4	119744	120784
610	121066	1	1	0.971423	6	1	0	1	513b5a	b29887	956b95	a9b3c0	120798	121067
611	121068	1	1	1.001199	15	1	0	0	2e251a	7e9dba	71689e	afabcd	119958	121069
612	121070	1	1	1	1	1	0	0	ffffff	ffe7e7	e5e5ff	d2d7f4	119744	121071
613	121072	1	1	1	1	1	0	0	ffffff	ffe7e7	e5e5ff	d2d7f4	119744	121073
614	121074	1	1	1	1	1	0	0	ffffff	ffe7e7	e5e5ff	d2d7f4	119744	121075
615	121076	1	1	1	2	2	0	0	442e26	595959	83598e	abbeb5	121077	121078
616	121079	1	1	1	5	1	1	0	201715	aa7d60	251016	7e859d	121080	121081
617	121082	1	1	1	39	11	1	0	c894ab	fbbea0	362228	747690	121083	121084
618	121085	1	1	1	9	8	4	0	aea38a	769971	68525e	666c82	121086	121087
619	121088	1	1	1	5	7	2	0	3f392b	5a9db0	68525e	95a5b5	121089	121090
620	121091	1	1	1	4	1	1	0	a47544	fde9d3	575059	606175	121092	121093
621	121094	1	1	1	5	8	6	0	725137	e9bc8b	d3a098	747f73	121095	121096
622	121097	1	1	1	5	7	2	0	241911	ccc9d5	7b6d6f	808f9d	121098	121099
623	121100	1	1	1	5	2	10	6	bb826b	f9c27e	716466	6c6e86	121101	121102
624	121103	1	1	1	5	1	0	0	3c0c0a	f9c3b4	8b3944	9bb6c1	121104	121105
625	121106	1	1	1	12	7	2	0	37445e	7376cc	6a5d76	adbcb8	121107	121108
626	121109	1	1	1	4	8	2	0	232315	c87977	5e5268	838398	121110	121111
627	121112	1	1	1	25	7	2	0	2b160d	d08c6f	a289aa	91a0aa	121113	121114
628	121115	1	1	1.001216	13	15	0	0	e0b7b7	71cec3	624c69	c7bcd2	121116	121117
629	121118	1	1	1	19	8	0	0	ffffff	e57e7e	857a9e	696e7e	121119	120210
630	121120	1	1	1	27	7	0	0	d39689	c37cb8	a792b5	bbccd3	121121	121122
631	121123	1	1	0.980876	20	15	0	0	e6b1b3	7cacc3	8b6e9d	bcb4d1	121124	121125
632	121126	1	1	1.092484	20	1	2	6	162219	cb8e74	372b3f	8499a5	120914	121127
633	121128	1	1	1	37	7	2	0	171523	504c8f	7c719e	afbac8	121129	121130
634	121131	1	1	1	22	15	0	0	201818	679844	67466f	8994a9	121132	121133
635	121134	1	1	1	4	2	2	0	1e1d13	8c7769	9989af	86859a	121135	119745
636	121136	1	1	1	18	8	5	0	f2c7b2	f7cbb5	2c1a1e	6d6b82	121137	121138
637	121139	1	1	1	11	8	2	0	c5936a	e1ad8d	a698b9	555e6f	121140	121141
638	121142	1	1	1	4	8	0	7	dec593	8cc2e2	341318	687363	121143	121144
639	121145	1	1	1	2	7	0	0	f1d2a9	e3c9cc	8385ab	98a4b5	121146	121147
640	121148	1	1	1	18	8	0	0	9f6a54	839deb	7d7fa7	9f9bb2	121149	121150
641	121151	1	1	1	18	15	1	0	42221f	d69d98	a289aa	9fafa2	121152	121153
642	121154	1	1	1	5	2	2	0	362314	819fd0	312545	96a9aa	121155	121156
643	121157	1	1	1.01424	8	11	0	7	d5d1b3	c9bed2	573e3e	696377	121158	121159
644	121160	1	1	1	1	1	0	0	ffffff	ffe7e7	e5e5ff	d2d7f4	119744	121161
645	121162	1	1	1	1	1	0	0	ffffff	ffe7e7	e5e5ff	d2d7f4	119744	121163
646	121164	1	1	1	1	1	0	0	ffffff	ffe7e7	e5e5ff	d2d7f4	119744	120715
647	121165	1	2	1	58	29	0	0	553633	bbbbbb	f0cfd5	f0dcd7	120254	119745
648	121166	1	2	1	55	30	0	0	5a3c35	ffffff	e6bed7	f0dcd7	120256	119745
649	121167	1	2	0.969497	54	28	0	0	64322d	dbceb3	e3a8c8	f8dad1	120258	120259
650	121168	1	2	1	53	26	0	0	64322d	dbceb3	e3a8c8	f8dad1	120261	120262
651	121169	1	2	1	1	27	0	0	513330	ffffff	e6c3e4	f9ded6	120264	119745
652	121170	1	2	1	56	31	0	0	78403c	f4f4f4	e6c8c8	ecc6ae	120266	119745
653	67183	1	2	1	1	1	0	0	5f5270	a682c0	9e98b8	cfdbea	119744	119745
654	121171	1	2	1	10	3	0	0	3a3324	a0b092	bbbbcb	dcdbe8	121172	119745
655	121173	1	2	1	18	14	0	0	f0e3df	8e4892	efdbea	e7e0fb	121174	119745
656	121175	1	2	1	24	13	0	0	dee1f0	b2c7b5	e5e5ff	e6e5ee	121176	119745
657	121177	1	2	1	31	16	0	0	ffffff	864328	c6e2df	a0b0bd	121178	119745
658	121179	1	2	1	29	19	0	0	101010	487532	bbbbcb	e0e1ea	121180	119745
659	121181	1	2	1	34	2	0	3	252d3c	edc9bb	5a627c	7c8698	121182	119745
660	121183	1	2	1	44	8	0	0	c9c1df	fbe9ef	bbbbcb	ddd6f1	121184	119745
661	121185	1	2	1	22	10	0	13	1e2d50	979aa0	54607a	a2b5ca	121186	119745
662	121187	1	2	1	10	17	0	14	472b43	a8b87c	5a4b54	6b6773	121188	119745
663	121189	1	2	1	23	20	0	0	ffffff	90a884	9e98b8	d1d1ec	121190	121191
664	67185	1	2	1	3	3	0	0	9d9ecf	a0b092	9e98b8	e2dbf6	121192	119745
665	121193	1	2	1	22	12	0	0	1e1e1e	e397a2	e5e5ff	d2d7f4	119744	119745
666	121194	1	2	1	30	19	0	0	323954	487532	54607a	bac9dd	121195	119745
667	121196	1	2	1	2	3	0	0	e1e1b9	a0b092	bec4a7	9fb4c6	121197	119745
668	121198	1	2	1	10	24	0	0	8f704f	ece6d6	f0deee	e2dbf6	121199	119745
669	121200	1	2	1	46	25	0	0	524a5c	a48fc7	cecece	e2e5f1	121201	119745
670	121202	1	2	1.012377	47	20	0	0	7d464f	797045	cccccc	e7e0fb	121203	121204
671	121205	1	2	1	48	8	0	0	ffffff	9dcccf	efefef	bcc6df	121206	119745
672	121207	1	2	1	49	20	0	0	495682	6f5b40	cecece	dfe3f3	121208	119745
673	121209	1	2	1	33	23	0	0	49392c	8fc7b9	bebebe	ddddf1	121210	119745
674	121211	1	2	1	50	25	0	0	ffffff	bbc0df	f5f2e9	f0f0f0	121212	119745
675	121213	1	2	0.972757	33	23	0	0	49392c	8fc7b9	bebebe	ddddf1	121210	121214
676	67188	1	2	1	6	5	0	0	101010	f0cabc	b7cecf	bdcedf	121215	119745
677	121216	1	2	0.972757	53	8	2	0	490a14	ebe1d3	ebd3e9	bcc6df	121217	121218
678	121219	1	2	1	51	25	0	0	dfbebb	6d6d6d	f5f3e9	f0f0f0	121220	119745
679	121221	1	2	1	52	17	0	6	ffffff	c391c8	5a4b54	6b6773	121222	119745
680	121223	1	2	1	59	21	0	0	745631	8c7769	ceafd2	d9e3f0	121224	119745
681	121225	1	2	1	60	1	0	0	563f6a	a893c7	ceafd2	e1d9fa	121226	119745
682	121227	1	2	1	53	20	0	0	9d99d6	ea77c1	9a95d0	c7adc4	121228	119745
683	121229	1	2	1	54	38	0	0	a191d6	d281d8	a28fb9	c7adc8	121230	121231
684	121232	1	2	1	4	1	0	0	6b3045	e7ad73	786280	8b80ac	121233	121234
685	121235	1	2	0.972757	15	32	0	0	cf5c61	de83cf	a18ab0	bbb5c9	120353	121236
686	121237	1	2	0.753728	18	36	0	0	bcb3c9	dbbcbc	b386b7	c7a3ba	121238	121239
687	67191	1	2	1	2	2	0	3	212c36	edc9bb	c7c8d9	d1cfea	121240	119745
688	121241	1	2	1	36	33	0	0	e685b9	c25252	aa7098	b8afbf	120357	119745
689	121242	1	2	0.753728	59	35	0	0	14082e	b15dec	b094b4	c7adc4	120359	121239
690	121243	1	2	1	51	32	0	0	59a8bc	5995f6	797aca	a8bed0	121244	119745
691	121245	1	2	0.972757	33	22	0	0	d4bfd8	88a7dc	9494e3	9d8db6	121246	121218
692	121247	1	2	1	6	6	0	0	343558	9bb2d4	9e98b8	b8c3dc	121248	119745
693	121249	1	2	1	5	1	3	0	b0c3dd	a2a87e	e5e5ff	cfd9ea	121250	119745
694	121251	1	2	1	2	8	0	0	ffffff	fbe9ef	bdbdbd	f0f0f0	121252	119745
695	121253	1	2	1	8	9	0	0	000000	ea0000	d1c7da	ebe5f5	121254	119745
696	121255	1	2	1	9	3	0	0	99b1cd	a0b092	bbbbcb	eeeaee	121256	119745
697	121257	1	2	1.100562	32	10	0	0	4a2f5b	4b3578	a4afd0	b2bbd3	121258	121259
698	121260	1	2	0.961969	45	5	0	0	2c1c45	7d7141	a289aa	bcafcc	121261	121262
699	121263	1	2	1	19	10	0	0	8f4f4f	81523d	9e98b8	a1a4c8	121264	121265
700	121266	1	2	1	10	8	0	0	3d3424	3f3269	54607a	63707e	121267	121268
701	121269	1	2	1	7	5	0	0	d3be9c	674d29	a289aa	a798b5	121270	121271
702	121272	1	2	1	11	5	0	0	d3986d	364e48	9e98b8	9fabae	121273	121274
703	121275	1	2	1	7	22	0	0	f7cfb1	524820	977985	859396	121276	121277
704	121278	1	2	1	37	5	0	0	112327	2a3a60	855d79	8f859b	121279	121280
705	121281	1	2	1	11	8	3	0	985555	6d4f87	aa89a7	9ea4b8	121282	121283
706	121284	1	2	0.972757	25	20	0	0	d2e5ea	9aadcd	e5e5ff	f9f9fd	121285	121218
707	121286	1	2	1.062677	10	31	0	0	b2e2e5	f17eb8	d39f88	f3c5a4	120357	120407
708	121287	1	2	1.044501	1	10	0	0	483458	979aa0	e7e7e7	cfdbea	121288	121289
709	121290	1	2	1.138967	10	17	0	14	472b43	a8b87c	9e98b8	8490a5	121291	121292
710	121293	1	2	1.074138	24	13	0	0	dee1f0	eae6d2	e5e5ff	f2f1fa	121294	121295
711	121296	1	2	1.2	30	20	0	0	3a3324	a0b092	e5e5ff	d2d7f4	121297	121298
712	121299	1	2	0.740762	45	9	0	0	293844	515b36	e5e5ff	d1d1ec	121300	121301
713	121302	1	2	0.815316	23	15	0	0	f4e6ef	696969	e5e5ff	d1d1ec	121303	121304
714	121305	1	2	0.65	6	15	0	0	ac7fbd	696969	e5e5ff	d2d7f4	121306	121307
715	121308	1	2	0.753728	48	30	0	0	f19b97	428da0	d49087	e2a893	120353	120427
716	121309	1	2	0.972757	12	6	4	7	211717	170a2e	a289aa	a6a5c4	121215	121310
717	121311	1	2	1.00888	54	38	0	0	984e6c	d281d8	a28fb9	c799b0	121230	121312
718	121313	1	2	1	10	8	0	0	745631	fbe9ef	afa7b4	d2d7f0	119744	121314
719	121315	1	2	1	10	8	0	0	745631	fbe9ef	afa7b4	d2d7f0	119744	121316
720	121317	1	2	1	10	8	0	0	745631	fbe9ef	afa7b4	d2d7f0	119744	121318
721	121319	1	2	1.001677	34	2	0	3	131325	9d7b5c	5a627c	7c8698	121320	121321
722	121322	1	2	1.01068	6	5	0	0	151523	ac795e	c393ba	c9b3c9	121215	121323
723	121324	1	2	0.993481	10	3	0	0	271711	a0b092	827298	afa2be	121325	121326
724	121327	1	2	1.044501	33	23	0	0	49392c	596fb2	aa85b3	a8a5c4	121328	121329
725	121330	1	2	1	34	13	0	0	5e9585	5aaba8	ceafd2	b3a7c2	121331	121332
726	121333	1	2	1	7	3	0	0	412638	445439	988393	a29fbd	121334	121335
727	121336	1	2	1	11	8	0	0	335148	595959	aa88be	9388a5	121337	121338
728	121339	1	2	1	2	22	0	0	dec593	463927	62474f	8c94a1	121340	121341
729	121342	1	2	1	4	11	0	0	dccc93	60430d	a289aa	9189a4	121343	121344
730	121345	1	2	1	6	20	0	0	85584a	242b37	a289aa	a3aca1	121346	121347
731	121348	1	2	0.972757	16	25	0	0	d99b9b	3e2e67	ceafd2	d7bbba	121349	121350
732	121351	1	2	1.085032	19	26	0	0	f4db92	87d17e	665460	d7bbba	121352	121353
733	121354	1	2	1.074138	34	2	3	0	120e2a	90638e	a289aa	a3a1b6	121355	121356
734	121357	1	2	1	24	2	0	11	490a14	ae7262	655757	a299bd	121358	121359
735	121360	1	2	1	34	20	0	0	b8c8df	9f6654	d9aab0	d7bbba	121361	121362
736	121363	1	2	1.044501	36	1	0	0	a99fcd	e7ad73	786280	c799b0	121364	121365
737	121366	1	2	1	1	1	0	0	ffffff	a2a87e	e5e5ff	d2d7f4	119744	121367
738	121368	1	2	1	1	1	0	0	ffffff	a2a87e	e5e5ff	d2d7f4	119744	121369
739	121370	1	2	1	1	1	0	0	ffffff	a2a87e	e5e5ff	d2d7f4	119744	121371
740	121372	1	2	1	11	1	0	0	c08456	3f4c79	9994bd	b7bbc9	121373	120084
741	121374	1	2	1.007079	3	2	2	0	0d122b	56397f	ad96bf	a99fbc	121375	121376
742	121377	1	2	1	10	2	0	0	4b3b2c	654e36	54607a	7a7d8e	121378	121379
743	121380	1	2	1	4	5	0	0	202447	3c4277	b07d8c	c7b2c7	121381	121382
744	121383	1	2	0.923697	29	5	0	0	c45d3b	49347f	b47990	d3bcb0	121384	121385
745	121386	1	2	0.904377	43	21	0	0	794568	341e71	a17aa5	b6a9c5	121387	121388
746	121389	1	2	0.904377	26	4	0	0	ee824d	894f3c	cd8f9b	d7b5b3	121390	121391
747	121392	1	2	1	5	11	1	0	362740	2c316f	b483a0	b3a7c2	121393	119745
748	121394	1	2	1	4	11	0	0	e4a682	725529	81607c	9692b2	121395	119745
749	121396	1	2	1	35	5	3	0	2a0e23	3f186c	856b95	aa9ebd	121397	119745
750	121398	1	2	1	6	5	0	0	d0a266	5f2e25	b592ab	abaec4	121399	121400
751	121401	1	2	1	25	5	2	0	8d4632	5c2828	d0839a	b5a6c3	121402	121403
752	121404	1	2	1	36	4	2	0	486a51	31305a	a289aa	d3bcb0	121405	121406
753	121407	1	2	1	7	8	0	0	d6a890	37517b	776b90	888ca5	121408	121409
754	121410	1	2	1	7	22	0	0	cca49a	363281	6d5d7c	8b97a2	121411	121412
755	121413	1	2	1	7	5	0	0	271b46	63274e	4f4165	b0aac4	121414	121415
756	121416	1	2	1.044501	1	1	0	0	352246	362978	9585c8	b1afc6	119744	121417
757	121418	1	2	1	10	3	0	0	3b324a	918bb7	7a6a93	c1a8b3	121172	119745
758	121419	1	2	1	18	14	0	0	f0e3df	692e7c	b094b4	c1a8c1	121174	119745
759	121420	1	2	1	24	13	0	0	c9c1df	6e709b	aa7098	c6afaf	121176	119745
760	121421	1	2	1	31	16	0	0	ffffff	864328	71689e	6d7388	121178	119745
761	121422	1	2	1	29	19	0	0	101010	4d374c	aa7098	c6afaf	121423	119745
762	121424	1	2	1	34	2	0	3	2b2e3d	90b1c5	535d7a	5d6175	121320	119745
763	121425	1	2	1	44	8	0	0	9a72b7	564965	aa7098	c1a8c1	121184	119745
764	121426	1	2	1	22	10	0	13	1e2a4a	474cb9	434c71	808daa	121427	119745
765	121428	1	2	1	10	17	0	14	472b43	a8b87c	5a4b54	6b6773	121188	119745
766	121429	1	2	1	23	20	0	0	ffffff	9ab874	aa7098	c1a8c1	121190	119745
767	121430	1	2	1	3	3	0	0	565087	7d7660	82717b	c8adc9	121431	119745
768	121432	1	2	1	22	12	0	0	1e1e1e	e397a2	e5e5ff	d2d7f4	119744	119745
769	121433	1	2	1	10	24	0	0	8f704f	875658	b883ae	c1a8c1	121434	119745
770	121435	1	2	1	2	3	0	0	e1e1b9	a0b092	c8a184	9fb4c6	121197	119745
771	121436	1	2	1	10	24	0	0	553d1f	7a495e	786280	c1a8c1	121434	119745
772	121437	1	2	1	46	25	0	0	382f55	2b216d	a085be	c1b5c1	121201	119745
773	121438	1	2	1	47	20	0	0	7d464f	402f28	aa7098	c8adc9	121203	119745
774	121439	1	2	1	48	8	0	0	ffffff	9dcccf	967d9b	9c9abf	121206	119745
775	121440	1	2	1	49	20	0	0	212647	2e2b3d	786280	c1a8b3	121441	119745
776	121442	1	2	1	33	23	0	0	49392c	3a3b2d	786280	c1a8c1	121328	119745
777	121443	1	2	1	50	25	0	0	d5cec2	2c2246	b28db6	c6afaf	121212	119745
778	121444	1	2	1	6	5	0	0	101010	595959	695a96	aaafc4	121215	119745
779	121445	1	2	1	53	8	2	0	490a14	9c9abf	786280	9c9abf	121217	119745
780	121446	1	2	1	51	9	0	0	b05c82	493579	aa7098	c6afaf	121447	119745
781	121448	1	2	1	52	17	0	6	c9c1df	5a26b7	5a4b54	555164	121222	119745
782	121449	1	2	1	2	2	0	3	212c36	edc9bb	9a8cae	c1a8c1	121240	119745
783	121450	1	2	1	6	6	0	0	211f4a	4e368e	8b80b2	9c9abf	121451	119745
784	121452	1	2	1	5	1	3	0	b0c3dd	585533	9e9ead	b1afc6	121250	119745
785	121453	1	2	1	2	8	0	0	bb9db7	8a7e6c	9b8198	c6afaf	121252	119745
786	121454	1	2	1	8	9	0	0	000000	ea0000	aa7098	c2b1d4	121254	119745
787	121455	1	2	1.044501	9	3	0	0	5c6687	3f607e	a98992	bcb0c7	121256	121417
788	121456	1	2	1.000931	3	5	0	0	dec593	955d3b	aa81b2	bbadca	121457	121458
789	121459	1	2	0.859397	18	25	0	0	604480	3b267b	ceafd2	beafcc	121460	121461
790	121462	1	2	1	10	3	0	0	3a3324	a0b092	a388be	ada1ba	121463	120689
791	121464	1	2	0.972757	6	15	0	0	241414	784646	bbb8bc	9391af	121215	121236
792	121465	1	2	0.993481	33	16	0	0	d9aba1	7ca8e1	ad90b6	a093ad	121466	121467
793	121468	1	2	1.01068	2	2	0	3	dccc9e	a7ca92	bfaecb	b5a9c4	121240	121469
794	121470	1	2	1.044501	48	7	5	0	ba7f7f	cc91c5	71689e	aea3da	121471	121365
795	121472	1	2	1	1	1	0	0	ffffff	a2a87e	e5e5ff	d2d7f4	119744	121473
796	121474	1	2	1	1	1	0	0	ffffff	a2a87e	e5e5ff	d2d7f4	119744	121475
797	121476	1	2	1	1	1	0	0	ffffff	a2a87e	e5e5ff	d2d7f4	119744	121477
798	121478	1	2	0.972757	6	3	0	0	477d66	4d69a6	a289aa	d7b5b3	121479	121218
799	121480	1	2	1	37	5	0	0	806c44	291c0f	aa83a1	9c8fac	121481	121482
800	121483	1	2	1	4	21	0	0	5f2442	230f29	7e6695	a094b0	121484	121485
801	121486	1	2	1	36	6	0	0	aa7d66	132523	916d8b	d7b5b3	121487	121488
802	121489	1	2	1	5	5	0	0	491d32	463671	a97274	d7bbba	121490	121491
803	121492	1	2	1	4	19	0	0	f0dd93	487532	a289aa	9697ae	121493	121494
804	121495	1	2	1	18	5	0	0	6ba2af	744b33	bf8b8c	d7b5b3	121496	121497
805	121498	1	2	1	29	20	0	0	aa554b	5a304c	dbc3ca	d7bbba	121499	121500
806	121501	1	2	1.038458	48	6	0	0	dfbcb8	ae684e	68597c	6e7082	121502	121503
807	121504	1	2	1.012481	11	25	0	0	be7876	4f2e5c	9e98b8	b8b7ce	121505	121506
808	121507	1	2	1	52	1	0	0	9d99d6	d09bda	8c92d7	b294c6	121508	121509
809	121510	1	2	1	1	1	0	0	ffffff	a2a87e	e5e5ff	d2d7f4	119744	121511
810	121512	1	2	1	1	1	0	0	ffffff	a2a87e	e5e5ff	d2d7f4	119744	121513
811	121514	1	2	1	1	1	0	0	ffffff	a2a87e	e5e5ff	d2d7f4	119744	120689
812	121515	1	2	1	39	4	0	0	4a3153	553b35	dfb8da	c9c3e4	121516	121517

 