6	1617	
id	civ	career	playerlevel	autolearn	stigma
int	int	int	int	int	int
1	3	1	1	1	0
3	3	1	1	1	0
4	3	1	1	1	0
5	3	1	1	1	0
6	3	1	1	1	0
67	3	1	1	1	0
7	3	1	1	1	0
122	3	1	1	1	0
121	3	1	5	0	0
120	3	1	9	0	0
169	3	1	1	1	0
165	3	1	3	0	0
173	3	1	3	0	0
151	3	1	5	0	0
161	3	1	7	0	0
154	3	1	9	0	0
8	3	5	9	1	0
9	3	5	9	1	0
10	3	5	9	1	0
15	3	5	9	1	0
16	3	5	9	1	0
17	3	5	9	1	0
12	3	5	9	1	0
13	3	5	9	1	0
14	3	5	9	1	0
18	3	5	9	1	0
326	3	5	10	0	0
358	3	5	10	0	0
102	3	5	13	0	0
19	3	5	20	0	1
361	3	5	19	0	0
336	3	5	25	0	0
337	3	5	25	0	0
338	3	5	25	0	0
339	3	5	25	0	0
340	3	5	25	0	0
341	3	5	25	0	0
111	3	5	25	0	0
333	3	5	25	0	0
138	3	5	28	0	0
359	3	5	34	0	0
104	3	5	37	0	0
342	3	5	40	0	0
343	3	5	40	0	0
344	3	5	40	0	0
345	3	5	40	0	0
346	3	5	40	0	0
347	3	5	40	0	0
124	3	5	40	0	0
360	3	5	40	0	1
113	3	5	40	0	0
366	3	5	41	0	0
367	3	5	45	0	0
496	3	5	49	0	0
368	3	5	50	0	0
369	3	5	50	0	0
370	3	5	50	0	0
371	3	5	50	0	0
372	3	5	50	0	0
373	3	5	50	0	0
131	3	5	51	0	0
132	3	5	55	0	0
170	3	5	10	0	0
284	3	5	10	0	0
158	3	5	10	0	0
348	1	5	10	0	0
362	2	5	10	0	0
166	3	5	13	0	0
273	3	5	13	0	0
251	3	5	13	0	0
152	3	5	16	0	0
162	3	5	16	0	0
278	3	5	16	0	0
182	3	5	16	0	0
155	3	5	19	0	0
291	3	5	19	0	0
269	3	5	20	0	1
171	3	5	22	0	0
285	3	5	22	0	0
159	3	5	22	0	0
349	1	5	22	0	0
363	2	5	22	0	0
255	3	5	22	0	1
271	3	5	22	0	0
351	3	5	22	0	0
167	3	5	25	0	0
274	3	5	25	0	0
261	3	5	25	0	0
258	3	5	25	0	0
236	3	5	25	0	1
153	3	5	28	0	0
163	3	5	28	0	0
279	3	5	28	0	0
256	3	5	28	0	1
353	3	5	28	0	0
282	3	5	28	0	0
322	3	5	28	0	1
392	3	5	28	0	1
156	3	5	31	0	0
292	3	5	31	0	0
276	3	5	31	0	0
272	3	5	31	0	0
237	3	5	31	0	1
267	3	5	31	0	1
172	3	5	34	0	0
286	3	5	34	0	0
160	3	5	34	0	0
350	1	5	34	0	0
364	2	5	34	0	0
257	3	5	34	0	1
308	3	5	34	0	0
352	3	5	34	0	0
393	3	5	34	0	1
264	3	5	34	0	1
290	3	5	34	0	0
241	3	5	34	0	1
168	3	5	37	0	0
275	3	5	37	0	0
309	3	5	37	0	0
238	3	5	37	0	1
296	3	5	37	0	1
355	3	5	37	0	0
287	3	5	37	0	1
250	3	5	37	0	0
178	3	5	40	0	0
164	3	5	40	0	0
280	3	5	40	0	0
310	3	5	40	0	1
354	3	5	40	0	0
283	3	5	40	0	0
394	3	5	40	0	1
242	3	5	40	0	1
356	3	5	40	0	0
357	3	5	40	0	0
183	3	5	40	0	1
365	3	5	40	0	0
157	3	5	41	0	0
293	3	5	42	0	0
312	1	5	42	0	0
374	2	5	42	0	0
277	3	5	43	0	0
239	3	5	43	0	1
375	3	5	43	0	1
177	3	5	44	0	0
376	3	5	44	0	1
303	3	5	45	0	0
176	3	5	45	0	0
377	1	5	45	0	0
378	2	5	45	0	0
396	1	5	45	0	1
397	2	5	45	0	1
398	3	5	45	0	1
244	3	5	45	0	2
245	3	5	45	0	2
246	3	5	45	0	2
247	3	5	45	0	2
379	3	5	46	0	1
380	3	5	46	0	0
381	3	5	46	0	0
382	3	5	46	0	1
383	3	5	46	0	0
180	3	5	47	0	0
304	3	5	47	0	0
395	3	5	47	0	1
243	3	5	47	0	1
384	3	5	48	0	0
385	3	5	48	0	1
240	3	5	49	0	1
386	3	5	49	0	1
387	3	5	49	0	0
388	3	5	50	0	0
179	3	5	50	0	0
389	3	5	50	0	1
320	1	5	50	0	0
321	2	5	50	0	0
390	1	5	50	0	0
391	2	5	50	0	0
399	1	5	50	0	1
400	2	5	50	0	1
248	3	5	50	0	2
249	3	5	50	0	2
8	3	6	9	1	0
10	3	6	9	1	0
15	3	6	9	1	0
12	3	6	9	1	0
13	3	6	9	1	0
14	3	6	9	1	0
18	3	6	9	1	0
480	3	6	10	0	0
102	3	6	13	0	0
359	3	6	13	0	0
111	3	6	16	0	0
123	3	6	22	0	0
336	3	6	25	0	0
338	3	6	25	0	0
339	3	6	25	0	0
358	3	6	25	0	0
496	3	6	25	0	0
487	3	6	25	0	0
497	3	6	28	0	0
548	3	6	31	0	0
342	3	6	40	0	0
344	3	6	40	0	0
345	3	6	40	0	0
498	3	6	40	0	0
499	3	6	40	0	0
113	3	6	40	0	0
361	3	6	41	0	0
366	3	6	45	0	0
526	3	6	47	0	0
368	3	6	50	0	0
370	3	6	50	0	0
371	3	6	50	0	0
143	3	6	50	0	0
131	3	6	51	0	0
138	3	6	51	0	0
132	3	6	55	0	0
170	3	6	10	0	0
158	3	6	10	0	0
441	3	6	10	0	0
500	1	6	10	0	0
520	2	6	10	0	0
166	3	6	13	0	0
507	3	6	13	0	0
506	3	6	13	0	0
152	3	6	16	0	0
162	3	6	16	0	0
503	3	6	16	0	0
445	3	6	16	0	0
155	3	6	19	0	0
511	3	6	19	0	0
424	3	6	20	0	1
513	3	6	20	0	1
171	3	6	22	0	0
159	3	6	22	0	0
442	3	6	22	0	0
501	1	6	22	0	0
521	2	6	22	0	0
403	3	6	22	0	0
523	3	6	22	0	1
524	3	6	22	0	0
167	3	6	25	0	0
508	3	6	25	0	0
514	3	6	25	0	0
431	3	6	25	0	1
182	3	6	25	0	0
153	3	6	28	0	0
163	3	6	28	0	0
504	3	6	28	0	0
458	3	6	28	0	0
517	3	6	28	0	0
414	3	6	28	0	1
402	3	6	28	0	1
156	3	6	31	0	0
512	3	6	31	0	0
425	3	6	31	0	1
432	3	6	31	0	1
444	3	6	31	0	0
516	3	6	31	0	0
172	3	6	34	0	0
160	3	6	34	0	0
443	3	6	34	0	0
502	1	6	34	0	0
522	2	6	34	0	0
404	3	6	34	0	0
415	3	6	34	0	1
406	3	6	34	0	1
519	3	6	34	0	0
410	3	6	34	0	1
287	3	6	34	0	1
168	3	6	37	0	0
509	3	6	37	0	0
515	3	6	37	0	0
451	3	6	37	0	1
427	3	6	37	0	0
417	3	6	37	0	1
178	3	6	40	0	0
164	3	6	40	0	0
505	3	6	40	0	0
510	3	6	40	0	0
518	3	6	40	0	0
461	3	6	40	0	1
407	3	6	40	0	1
457	3	6	40	0	1
426	3	6	40	0	0
183	3	6	40	0	1
525	3	6	40	0	0
157	3	6	41	0	0
545	3	6	42	0	0
527	3	6	42	0	1
528	2	6	42	0	0
529	1	6	42	0	0
530	3	6	43	0	1
449	3	6	43	0	0
177	3	6	44	0	0
531	3	6	44	0	1
176	3	6	45	0	0
465	3	6	45	0	0
532	1	6	45	0	0
533	2	6	45	0	0
405	3	6	45	0	0
546	1	6	45	0	1
547	2	6	45	0	1
401	3	6	45	0	1
409	3	6	45	0	2
438	3	6	45	0	2
411	3	6	45	0	2
412	3	6	45	0	2
534	3	6	46	0	1
408	3	6	46	0	1
535	3	6	46	0	0
536	3	6	46	0	1
382	3	6	46	0	1
537	3	6	46	0	0
180	3	6	47	0	0
538	3	6	47	0	0
539	3	6	48	0	0
540	3	6	48	0	1
541	3	6	49	0	1
542	3	6	49	0	0
388	3	6	50	0	0
179	3	6	50	0	0
543	3	6	50	0	1
544	1	6	50	0	0
474	2	6	50	0	0
475	1	6	50	0	0
476	2	6	50	0	0
549	1	6	50	0	1
550	2	6	50	0	1
413	3	6	50	0	2
416	3	6	50	0	2
1	3	3	1	1	0
30	3	3	1	1	0
4	3	3	1	1	0
5	3	3	1	1	0
67	3	3	1	1	0
19	3	3	5	0	0
113	3	3	5	0	0
112	3	3	9	0	0
564	3	3	1	1	0
572	3	3	1	1	0
551	3	3	3	0	0
555	3	3	5	0	0
559	3	3	5	0	0
568	3	3	7	0	0
577	3	3	9	0	0
8	3	10	9	1	0
9	3	10	9	1	0
12	3	10	9	1	0
360	3	10	9	0	0
751	3	10	10	0	0
17	3	10	9	1	0
120	3	10	16	0	0
131	3	10	19	0	0
336	3	10	25	0	0
337	3	10	25	0	0
341	3	10	25	0	0
758	3	10	25	0	0
110	3	10	25	0	0
133	3	10	31	0	0
132	3	10	37	0	0
342	3	10	40	0	0
343	3	10	40	0	0
347	3	10	40	0	0
134	3	10	41	0	0
795	3	10	47	0	0
368	3	10	50	0	0
369	3	10	50	0	0
373	3	10	50	0	0
565	3	10	10	0	0
704	3	10	10	0	0
674	3	10	10	0	0
789	1	10	10	0	0
780	2	10	10	0	0
552	3	10	13	0	0
777	3	10	13	0	0
686	1	10	13	0	0
668	2	10	13	0	0
556	3	10	16	0	0
569	3	10	16	0	0
652	3	10	16	0	0
773	1	10	16	0	0
770	2	10	16	0	0
678	3	10	19	0	0
776	3	10	19	0	0
702	3	10	20	0	1
695	3	10	20	0	1
566	3	10	22	0	0
705	3	10	22	0	0
675	3	10	22	0	0
790	1	10	22	0	0
781	2	10	22	0	0
778	3	10	22	0	0
655	3	10	22	0	1
659	3	10	22	0	0
553	3	10	25	0	0
687	1	10	25	0	0
669	2	10	25	0	0
703	3	10	25	0	1
661	3	10	25	0	0
786	3	10	25	0	0
783	3	10	25	0	1
681	1	10	25	0	0
663	2	10	25	0	0
557	3	10	28	0	0
570	3	10	28	0	0
653	3	10	28	0	0
774	1	10	28	0	0
771	2	10	28	0	0
699	3	10	28	0	0
707	1	10	28	0	1
709	2	10	28	0	1
560	3	10	28	0	0
639	3	10	28	0	1
679	3	10	31	0	0
787	3	10	31	0	1
784	3	10	31	0	1
677	3	10	31	0	0
693	3	10	31	0	0
794	1	10	31	0	1
793	2	10	31	0	1
798	1	10	31	0	0
799	2	10	31	0	0
567	3	10	34	0	0
706	3	10	34	0	0
676	3	10	34	0	0
791	1	10	34	0	0
782	2	10	34	0	0
779	3	10	34	0	0
660	3	10	34	0	0
708	1	10	34	0	1
710	2	10	34	0	1
697	3	10	34	0	0
657	3	10	34	0	1
554	3	10	37	0	0
688	1	10	37	0	0
670	2	10	37	0	0
788	3	10	37	0	1
662	3	10	37	0	0
785	3	10	37	0	1
682	1	10	37	0	0
664	2	10	37	0	0
792	3	10	37	0	0
692	3	10	37	0	1
685	1	10	37	0	0
667	2	10	37	0	0
633	1	10	37	0	1
636	2	10	37	0	1
558	3	10	40	0	0
571	3	10	40	0	0
654	3	10	40	0	0
775	1	10	40	0	0
772	2	10	40	0	0
717	3	10	40	0	0
769	1	10	40	0	1
768	2	10	40	0	1
658	3	10	40	0	1
918	3	10	40	0	0
651	3	10	40	0	0
683	1	10	40	0	0
665	2	10	40	0	0
767	3	10	40	0	0
680	3	10	41	0	0
666	3	10	42	0	1
671	1	10	42	0	0
672	2	10	42	0	0
673	3	10	43	0	1
718	3	10	43	0	0
800	1	10	43	0	0
735	2	10	43	0	0
634	1	10	43	0	1
637	2	10	43	0	1
578	3	10	44	0	0
684	3	10	44	0	1
721	3	10	45	0	0
722	3	10	45	0	0
689	1	10	45	0	0
690	2	10	45	0	0
691	3	10	45	0	0
714	3	10	45	0	0
649	1	10	45	0	1
650	2	10	45	0	1
646	3	10	45	0	1
640	3	10	45	0	2
641	3	10	45	0	2
642	3	10	45	0	2
643	3	10	45	0	2
698	1	10	46	0	1
700	2	10	46	0	1
729	3	10	46	0	1
701	3	10	46	0	0
579	3	10	47	0	0
727	1	10	47	0	0
728	2	10	47	0	0
719	3	10	48	0	0
723	3	10	48	0	1
711	1	10	48	0	0
712	2	10	48	0	0
724	3	10	48	0	1
725	3	10	49	0	1
730	3	10	49	0	0
732	1	10	49	0	0
733	2	10	49	0	0
635	1	10	49	0	1
638	2	10	49	0	1
581	3	10	50	0	0
580	3	10	50	0	0
731	1	10	50	0	0
734	2	10	50	0	0
1808	1	10	50	0	0
1816	2	10	50	0	0
647	1	10	50	0	1
648	2	10	50	0	1
644	3	10	50	0	2
645	3	10	50	0	2
8	3	9	9	1	0
9	3	9	9	1	0
17	3	9	9	1	0
12	3	9	9	1	0
360	3	9	9	0	0
889	3	9	10	0	0
116	3	9	16	0	0
133	3	9	19	0	0
336	3	9	25	0	0
337	3	9	25	0	0
127	3	9	25	0	0
341	3	9	25	0	0
129	3	9	25	0	0
896	3	9	25	0	0
131	3	9	31	0	0
134	3	9	34	0	0
135	3	9	37	0	0
342	3	9	40	0	0
343	3	9	40	0	0
128	3	9	40	0	0
347	3	9	40	0	0
130	3	9	40	0	0
132	3	9	41	0	0
922	3	9	44	0	0
923	3	9	49	0	0
368	3	9	50	0	0
369	3	9	50	0	0
924	3	9	50	0	0
373	3	9	50	0	0
565	3	9	10	0	0
816	3	9	10	0	0
839	3	9	10	0	0
908	1	9	10	0	0
905	2	9	10	0	0
552	3	9	13	0	0
807	3	9	13	0	0
833	3	9	13	0	0
912	3	9	13	0	0
556	3	9	16	0	0
569	3	9	16	0	0
843	3	9	16	0	0
829	3	9	16	0	0
810	3	9	20	0	1
913	3	9	20	0	1
805	3	9	19	0	0
566	3	9	22	0	0
817	3	9	22	0	0
909	1	9	22	0	0
906	2	9	22	0	0
832	3	9	22	0	0
920	3	9	22	0	1
813	3	9	22	0	0
553	3	9	25	0	0
808	3	9	25	0	0
834	3	9	25	0	0
811	3	9	25	0	1
823	3	9	25	0	0
803	3	9	25	0	1
820	3	9	25	0	0
557	3	9	28	0	0
570	3	9	28	0	0
844	3	9	28	0	0
830	3	9	28	0	0
847	3	9	28	0	0
919	3	9	28	0	1
917	3	9	28	0	0
819	3	9	28	0	1
812	3	9	31	0	1
806	3	9	31	0	0
804	3	9	31	0	1
815	3	9	31	0	0
851	3	9	31	0	0
836	3	9	31	0	1
567	3	9	34	0	0
582	3	9	34	0	0
818	3	9	34	0	0
910	1	9	34	0	0
907	2	9	34	0	0
865	3	9	34	0	0
822	3	9	34	0	1
911	3	9	34	0	0
801	3	9	34	0	0
915	3	9	34	0	1
554	3	9	37	0	0
809	3	9	37	0	0
835	3	9	37	0	0
874	3	9	37	0	1
824	3	9	37	0	0
870	3	9	37	0	1
821	3	9	37	0	0
825	3	9	37	0	0
850	3	9	37	0	1
802	3	9	37	0	1
558	3	9	40	0	0
571	3	9	40	0	0
845	3	9	40	0	0
831	3	9	40	0	0
827	3	9	40	0	1
848	3	9	40	0	0
918	3	9	40	0	0
916	3	9	40	0	1
914	3	9	40	0	0
849	3	9	40	0	0
921	3	9	40	0	0
925	3	9	41	0	1
859	3	9	42	0	0
926	1	9	42	0	0
927	2	9	42	0	0
928	3	9	43	0	1
871	3	9	43	0	0
578	3	9	44	0	0
929	3	9	44	0	1
861	3	9	45	0	0
930	1	9	45	0	0
931	2	9	45	0	0
932	3	9	45	0	0
944	1	9	45	0	1
945	2	9	45	0	1
948	3	9	45	0	1
837	3	9	45	0	2
838	3	9	45	0	2
841	3	9	45	0	2
842	3	9	45	0	2
933	3	9	46	0	0
873	3	9	46	0	0
828	3	9	46	0	1
934	3	9	46	0	1
935	3	9	46	0	0
579	3	9	47	0	0
867	3	9	47	0	0
868	3	9	47	0	0
936	3	9	47	0	1
853	3	9	48	0	0
856	3	9	48	0	0
949	3	9	48	0	1
938	3	9	49	0	1
826	3	9	49	0	0
581	3	9	50	0	0
580	3	9	50	0	0
939	3	9	50	0	1
940	1	9	50	0	0
941	2	9	50	0	0
942	1	9	50	0	0
943	2	9	50	0	0
946	1	9	50	0	1
947	2	9	50	0	1
846	3	9	50	0	2
852	3	9	50	0	2
3	3	2	1	1	0
4	3	2	1	1	0
5	3	2	1	1	0
67	3	2	1	1	0
965	3	2	1	1	0
975	3	2	1	1	0
962	3	2	3	0	0
951	3	2	3	0	0
955	3	2	5	0	0
958	3	2	5	0	0
979	3	2	7	0	0
969	3	2	9	0	0
972	3	2	9	0	0
10	3	7	9	1	0
53	3	7	9	1	0
12	3	7	9	1	0
13	3	7	9	1	0
70	3	7	9	1	0
14	3	7	9	1	0
108	3	7	10	0	0
1146	3	7	10	0	0
114	3	7	16	0	0
103	3	7	25	0	0
338	3	7	25	0	0
1157	3	7	25	0	0
136	3	7	25	0	0
1153	3	7	25	0	0
141	3	7	30	0	0
137	3	7	40	0	0
344	3	7	40	0	0
1159	3	7	40	0	0
1172	3	7	41	0	0
1173	3	7	45	0	0
1174	3	7	49	0	0
370	3	7	50	0	0
1175	3	7	50	0	0
142	3	7	51	0	0
1166	1	7	10	0	0
1171	2	7	10	0	0
966	3	7	10	0	0
976	3	7	10	0	0
1095	3	7	10	0	0
1086	3	7	10	0	0
1099	3	7	10	0	0
1062	3	7	13	0	0
1079	3	7	16	0	0
1066	2	7	16	0	0
1083	1	7	16	0	0
1045	3	7	16	0	0
963	3	7	19	0	0
1093	3	7	19	0	0
1163	3	7	20	0	1
1063	3	7	19	0	0
1056	3	7	20	0	1
967	3	7	22	0	0
977	3	7	22	0	0
980	3	7	22	0	0
1096	3	7	22	0	0
1087	3	7	22	0	0
1090	3	7	22	0	0
1071	3	7	22	0	0
1169	3	7	22	0	0
1190	3	7	25	0	0
1160	3	7	25	0	1
1105	3	7	25	0	0
1107	3	7	25	0	0
1069	3	7	25	0	0
1080	3	7	28	0	0
1067	2	7	28	0	0
1084	1	7	28	0	0
1046	3	7	28	0	0
1034	3	7	28	0	1
1103	3	7	28	0	0
1060	3	7	28	0	1
1098	3	7	28	0	1
1165	3	7	31	0	0
964	3	7	31	0	0
1094	3	7	31	0	0
1161	3	7	31	0	1
1076	3	7	31	0	0
968	3	7	34	0	0
978	3	7	34	0	0
981	3	7	34	0	0
1097	3	7	34	0	0
1088	3	7	34	0	0
1091	3	7	34	0	0
1072	3	7	34	0	0
1035	3	7	34	0	1
1102	3	7	34	0	1
1170	3	7	34	0	0
1191	3	7	37	0	0
1162	3	7	37	0	1
1112	3	7	37	0	0
1108	3	7	37	0	0
1070	3	7	37	0	0
1078	3	7	37	0	0
1057	3	7	37	0	0
1064	3	7	40	0	0
1176	3	7	40	0	0
1114	3	7	40	0	0
1068	2	7	40	0	0
1085	1	7	40	0	0
1047	3	7	40	0	0
1104	3	7	40	0	0
1036	3	7	40	0	1
1089	3	7	40	0	1
1054	3	7	40	0	0
1051	3	7	40	0	0
985	3	7	41	0	0
1109	3	7	42	0	0
1177	2	7	42	0	0
1178	1	7	42	0	0
1179	3	7	43	0	1
1113	3	7	43	0	0
987	3	7	44	0	0
988	3	7	44	0	0
982	3	7	44	0	0
1180	3	7	44	0	1
1118	3	7	45	0	0
1117	3	7	45	0	0
1092	3	7	45	0	0
1192	1	7	45	0	1
1193	2	7	45	0	1
1048	3	7	45	0	1
1038	3	7	45	0	2
1039	3	7	45	0	2
1040	3	7	45	0	2
1041	3	7	45	0	2
1037	3	7	46	0	1
1181	3	7	46	0	0
1182	3	7	46	0	1
1183	3	7	46	0	0
1115	3	7	47	0	0
1124	3	7	48	0	0
1184	3	7	48	0	1
1185	3	7	49	0	1
1186	3	7	49	0	0
1187	3	7	49	0	0
1125	3	7	49	0	0
1164	3	7	50	0	0
1188	1	7	50	0	0
1189	2	7	50	0	0
1049	1	7	50	0	1
1050	2	7	50	0	1
1042	3	7	50	0	2
1043	1	7	50	0	2
1044	2	7	50	0	2
10	3	8	9	1	0
53	3	8	9	1	0
12	3	8	9	1	0
13	3	8	9	1	0
70	3	8	9	1	0
14	3	8	9	1	0
123	3	8	10	0	0
1290	3	8	10	0	0
114	3	8	16	0	0
101	3	8	25	0	0
338	3	8	25	0	0
1157	3	8	25	0	0
1297	3	8	25	0	0
122	3	8	25	0	0
344	3	8	40	0	0
1159	3	8	40	0	0
498	3	8	41	0	0
1172	3	8	45	0	0
358	3	8	49	0	0
370	3	8	50	0	0
1175	3	8	50	0	0
1304	1	8	10	0	0
1305	2	8	10	0	0
966	3	8	10	0	0
1207	3	8	10	0	0
1249	3	8	10	0	0
1306	3	8	13	0	0
1309	3	8	13	0	0
1242	3	8	13	0	0
1220	3	8	16	0	0
1312	3	8	16	0	0
963	3	8	19	0	0
970	3	8	19	0	0
1214	3	8	19	0	0
1246	3	8	19	0	0
1315	3	8	20	0	1
1219	3	8	20	0	1
1208	3	8	22	0	0
967	3	8	22	0	0
1250	3	8	22	0	0
1316	3	8	22	0	0
1225	3	8	22	0	0
1236	3	8	22	0	0
1201	3	8	22	0	1
1307	3	8	25	0	0
1243	3	8	25	0	0
1329	3	8	25	0	1
1204	3	8	25	0	0
1318	3	8	25	0	1
1227	3	8	25	0	0
1310	3	8	25	0	0
1313	3	8	28	0	0
1221	3	8	28	0	0
1202	3	8	28	0	1
1224	3	8	28	0	1
1229	3	8	28	0	0
1321	3	8	28	0	1
952	3	8	31	0	0
1328	3	8	31	0	0
964	3	8	31	0	0
971	3	8	31	0	0
1247	3	8	31	0	0
1330	3	8	31	0	1
1322	3	8	31	0	0
1231	3	8	31	0	0
1209	3	8	34	0	0
968	3	8	34	0	0
1251	3	8	34	0	0
1317	3	8	34	0	0
1237	3	8	34	0	0
1203	3	8	34	0	1
1324	3	8	34	0	1
1235	3	8	34	0	0
1311	3	8	37	0	0
1308	3	8	37	0	0
1244	3	8	37	0	0
1331	3	8	37	0	1
1205	3	8	37	0	0
1319	3	8	37	0	1
1228	3	8	37	0	0
1326	3	8	37	0	0
1327	3	8	37	0	0
1325	3	8	40	0	1
1314	3	8	40	0	0
1323	3	8	40	0	0
1222	3	8	40	0	0
1257	3	8	40	0	0
1206	3	8	40	0	1
1211	3	8	40	0	1
1223	3	8	40	0	1
985	3	8	41	0	0
1248	3	8	42	0	0
1334	1	8	42	0	0
1335	2	8	42	0	0
1349	3	8	43	0	0
989	3	8	43	0	0
1336	3	8	43	0	1
1232	3	8	43	0	0
1337	3	8	44	0	1
987	3	8	44	0	0
1260	3	8	45	0	0
1199	1	8	45	0	1
1200	2	8	45	0	1
1196	3	8	45	0	1
1213	3	8	45	0	2
1217	3	8	45	0	2
1218	3	8	45	0	2
1230	3	8	45	0	2
1332	3	8	46	0	0
1238	3	8	46	0	0
1346	3	8	46	0	1
1333	3	8	46	0	0
1338	3	8	46	0	0
1210	3	8	46	0	1
1212	3	8	46	0	1
1259	3	8	46	0	0
1339	3	8	47	0	0
1268	3	8	48	0	0
1340	3	8	48	0	1
1347	3	8	49	0	0
1341	3	8	49	0	1
1269	3	8	49	0	0
1342	3	8	49	0	1
1271	3	8	49	0	0
1348	3	8	49	0	0
1343	3	8	50	0	0
1344	1	8	50	0	0
1345	2	8	50	0	0
1197	1	8	50	0	1
1198	2	8	50	0	1
1233	3	8	50	0	2
1234	3	8	50	0	2
64	3	4	1	1	0
4	3	4	1	1	0
67	3	4	1	1	0
105	3	4	5	0	0
1351	3	4	1	1	0
1373	3	4	1	1	0
1362	3	4	3	0	0
1366	3	4	5	0	0
1358	3	4	5	0	0
1355	3	4	7	0	0
1377	3	4	7	0	0
1370	3	4	9	0	0
71	3	11	9	1	0
75	3	11	9	1	0
70	3	11	9	1	0
117	3	11	10	0	0
1541	3	11	10	0	0
119	3	11	16	0	0
140	3	11	19	0	0
1551	3	11	25	0	0
1743	3	11	25	0	0
1548	3	11	25	0	0
141	3	11	30	0	0
1552	3	11	40	0	0
1745	3	11	40	0	0
1578	3	11	41	0	0
1579	3	11	45	0	0
1777	3	11	50	0	0
1580	3	11	50	0	0
139	3	11	50	0	0
142	3	11	51	0	0
1381	1	11	10	0	0
1382	2	11	10	0	0
1352	3	11	10	0	0
1495	3	11	10	0	0
1367	3	11	13	0	0
1557	3	11	13	0	0
1574	3	11	13	0	0
1463	3	11	13	0	0
1363	3	11	16	0	0
1465	3	11	16	0	0
1469	3	11	16	0	0
1356	3	11	19	0	0
1378	3	11	19	0	0
1459	3	11	19	0	0
1454	3	11	20	0	1
1556	3	11	20	0	1
1391	1	11	22	0	0
1393	2	11	22	0	0
1353	3	11	22	0	0
1371	3	11	22	0	0
1564	3	11	22	0	0
1482	1	11	22	0	0
1458	2	11	22	0	0
1368	3	11	25	0	0
1558	3	11	25	0	0
1575	3	11	25	0	0
1568	3	11	25	0	0
1481	1	11	25	0	1
1457	2	11	25	0	1
1553	3	11	25	0	0
1364	3	11	28	0	0
1466	3	11	28	0	0
1470	3	11	28	0	0
1503	3	11	28	0	0
1560	3	11	28	0	1
1555	3	11	28	0	1
1571	3	11	28	0	0
1445	3	11	28	0	0
1497	3	11	31	0	0
1357	3	11	31	0	0
1379	3	11	31	0	0
1460	3	11	31	0	0
1567	3	11	31	0	0
1464	3	11	31	0	0
1566	3	11	31	0	0
1435	3	11	31	0	1
1392	1	11	34	0	0
1394	2	11	34	0	0
1354	3	11	34	0	0
1372	3	11	34	0	0
1565	3	11	34	0	0
1570	3	11	34	0	0
1484	3	11	34	0	1
1472	3	11	34	0	0
1369	3	11	37	0	0
1559	3	11	37	0	0
1576	3	11	37	0	0
1569	3	11	37	0	0
1516	1	11	37	0	1
1517	2	11	37	0	1
1436	3	11	37	0	1
1483	3	11	37	0	0
1572	3	11	37	0	0
1554	3	11	37	0	1
1581	1	11	40	0	0
1582	2	11	40	0	0
1365	3	11	40	0	0
1467	3	11	40	0	0
1471	3	11	40	0	0
1504	3	11	40	0	0
1561	3	11	40	0	1
1498	3	11	40	0	0
1573	3	11	40	0	0
1383	3	11	41	0	0
1380	3	11	41	0	0
1512	3	11	42	0	0
1583	3	11	42	0	0
1584	1	11	42	0	0
1585	2	11	42	0	0
1508	3	11	43	0	0
1586	3	11	43	0	0
1437	3	11	43	0	1
1384	3	11	44	0	0
1385	3	11	44	0	0
1587	1	11	44	0	1
1588	2	11	44	0	1
1590	3	11	45	0	0
1449	1	11	45	0	1
1450	2	11	45	0	1
1446	3	11	45	0	1
1439	3	11	45	0	2
1440	3	11	45	0	2
1441	3	11	45	0	2
1442	3	11	45	0	2
1591	1	11	46	0	0
1592	2	11	46	0	0
1593	3	11	46	0	0
1485	3	11	46	0	1
1509	3	11	46	0	0
1594	3	11	46	0	0
1386	3	11	47	0	0
1595	3	11	48	0	0
1596	3	11	48	0	0
1597	3	11	48	0	1
1598	3	11	49	0	0
1599	1	11	49	0	1
1600	2	11	49	0	1
1438	3	11	49	0	1
1523	3	11	49	0	0
1451	3	11	49	0	0
1452	1	11	50	0	0
1453	2	11	50	0	0
1455	1	11	50	0	0
1456	2	11	50	0	0
1447	1	11	50	0	1
1448	2	11	50	0	1
1443	3	11	50	0	2
1444	3	11	50	0	2
71	3	12	9	1	0
75	3	12	9	1	0
70	3	12	9	1	0
1732	3	12	10	0	0
140	3	12	19	0	0
1551	3	12	25	0	0
1743	3	12	25	0	0
115	3	12	25	0	0
1739	3	12	25	0	0
141	3	12	30	0	0
125	3	12	31	0	0
1552	3	12	40	0	0
1745	3	12	40	0	0
126	3	12	40	0	0
1775	3	12	43	0	0
1776	3	12	49	0	0
1580	3	12	50	0	0
1777	3	12	50	0	0
142	3	12	51	0	0
1770	3	12	10	0	0
1651	1	12	10	0	0
1617	2	12	10	0	0
1668	3	12	10	0	0
1760	1	12	10	0	0
1766	2	12	10	0	0
1631	3	12	13	0	0
1656	1	12	13	0	0
1622	2	12	13	0	0
1750	1	12	13	0	0
1747	2	12	13	0	0
1671	3	12	13	0	0
1359	3	12	16	0	0
1378	3	12	16	0	0
1628	3	12	16	0	0
1648	1	12	16	0	0
1614	2	12	16	0	0
1676	3	12	16	0	0
1755	3	12	20	0	1
1746	3	12	20	0	1
1654	1	12	19	0	0
1620	2	12	19	0	0
1645	1	12	19	0	0
1611	2	12	19	0	0
1674	3	12	19	0	0
1652	1	12	22	0	0
1618	2	12	22	0	0
1761	1	12	22	0	0
1767	2	12	22	0	0
1681	3	12	22	0	0
1683	3	12	22	0	1
1764	3	12	22	0	0
1632	3	12	25	0	0
1657	1	12	25	0	0
1623	2	12	25	0	0
1751	1	12	25	0	0
1748	2	12	25	0	0
1756	3	12	25	0	1
1634	3	12	25	0	1
1772	3	12	25	0	0
1643	1	12	25	0	0
1609	2	12	25	0	0
1606	3	12	25	0	0
1360	3	12	28	0	0
1379	3	12	28	0	0
1649	1	12	28	0	0
1615	2	12	28	0	0
1677	3	12	28	0	0
1636	3	12	28	0	0
1769	3	12	28	0	1
1765	3	12	28	0	0
1757	3	12	31	0	1
1655	1	12	31	0	0
1621	2	12	31	0	0
1646	1	12	31	0	0
1612	2	12	31	0	0
1635	3	12	31	0	1
1778	3	12	31	0	0
1754	1	12	31	0	0
1753	2	12	31	0	0
1627	3	12	31	0	0
1608	3	12	31	0	1
1653	1	12	34	0	0
1619	2	12	34	0	0
1762	1	12	34	0	0
1768	2	12	34	0	0
1682	3	12	34	0	0
1625	3	12	34	0	1
1771	3	12	34	0	0
1661	3	12	34	0	1
1800	3	12	34	0	0
1633	3	12	37	0	0
1658	1	12	37	0	0
1624	2	12	37	0	0
1752	1	12	37	0	0
1749	2	12	37	0	0
1758	3	12	37	0	1
1759	3	12	37	0	1
1773	3	12	37	0	0
1644	1	12	37	0	0
1610	2	12	37	0	0
1638	3	12	37	0	1
1685	3	12	37	0	1
1763	3	12	37	0	0
1361	3	12	40	0	0
1380	3	12	40	0	0
1650	1	12	40	0	0
1616	2	12	40	0	0
1678	3	12	40	0	0
1626	3	12	40	0	1
1774	3	12	40	0	0
1659	3	12	40	0	0
1607	3	12	40	0	1
1779	3	12	41	0	1
1688	1	12	41	0	0
1689	2	12	41	0	0
1647	1	12	42	0	0
1613	2	12	42	0	0
1780	3	12	42	0	1
1781	1	12	42	0	0
1782	2	12	42	0	0
1783	1	12	43	0	0
1784	2	12	43	0	0
1639	3	12	43	0	1
1695	1	12	44	0	0
1696	2	12	44	0	0
1785	3	12	44	0	1
1786	1	12	45	0	0
1787	2	12	45	0	0
1687	3	12	45	0	0
1601	1	12	45	0	1
1602	2	12	45	0	1
1603	3	12	45	0	1
1641	1	12	45	0	2
1642	2	12	45	0	2
1662	3	12	45	0	2
1663	3	12	45	0	2
1664	3	12	45	0	2
1693	3	12	46	0	1
1788	3	12	46	0	0
1789	3	12	46	0	0
1716	3	12	47	0	0
1702	1	12	47	0	0
1703	2	12	47	0	0
1790	3	12	47	0	1
1791	1	12	48	0	0
1792	2	12	48	0	0
1793	3	12	48	0	1
1794	3	12	48	0	1
1795	3	12	49	0	0
1796	1	12	49	0	0
1797	2	12	49	0	0
1640	3	12	49	0	1
1389	3	12	50	0	0
1390	3	12	50	0	0
1798	1	12	50	0	0
1799	2	12	50	0	0
1727	1	12	50	0	0
1728	2	12	50	0	0
1604	1	12	50	0	1
1605	2	12	50	0	1
1665	3	12	50	0	2
1666	3	12	50	0	2
1801	3	0	1	1	0
1803	3	0	1	1	0
1804	3	0	10	0	0
1805	3	0	22	0	0
1825	3	0	34	0	0
1827	3	0	46	0	0
1823	3	0	10	0	0
1824	3	0	22	0	0
1826	3	0	34	0	0
1828	3	0	46	0	0
1968	3	5	40	0	0
2013	3	5	48	0	2
2015	3	5	48	0	2
2016	3	5	48	0	2
225	3	5	48	0	0
298	3	5	51	0	0
2017	3	5	51	0	0
297	3	5	51	0	0
2018	3	5	51	0	2
2020	3	5	51	0	2
2021	3	5	51	0	2
2022	3	5	51	0	1
226	3	5	51	0	0
2023	3	5	52	0	0
2024	3	5	52	0	0
2025	3	5	52	0	1
2026	3	5	52	0	1
2027	3	5	52	0	0
227	3	5	52	0	2
229	3	5	52	0	2
181	3	5	53	0	0
2028	3	5	53	0	1
2029	3	5	53	0	1
2030	3	5	53	0	2
2031	3	5	53	0	2
231	3	5	53	0	0
2032	3	5	54	0	0
2033	1	5	54	0	0
2034	2	5	54	0	0
2035	3	5	54	0	2
2037	3	5	54	0	2
2038	3	5	54	0	2
232	3	5	54	0	1
2251	3	5	55	0	0
2039	3	5	55	0	1
2040	3	5	55	0	1
228	3	5	55	0	2
230	3	5	55	0	2
233	3	5	55	0	0
234	3	5	55	0	2
235	3	5	55	0	2
1968	3	6	40	0	0
2041	3	6	48	0	2
439	3	6	48	0	2
2042	3	6	48	0	2
2043	3	6	48	0	2
1969	3	6	48	0	0
2044	3	6	51	0	0
2045	3	6	51	0	0
2046	3	6	51	0	0
2048	3	6	51	0	2
440	3	6	51	0	2
2049	3	6	51	0	2
2050	3	6	51	0	2
1970	3	6	51	0	0
2052	3	6	52	0	0
2053	3	6	52	0	1
2054	3	6	52	0	1
2055	3	6	52	0	1
2026	3	6	52	0	1
1971	3	6	52	0	2
1973	3	6	52	0	2
181	3	6	53	0	0
1975	3	6	53	0	0
2058	3	6	54	0	1
2059	3	6	54	0	0
2060	2	6	54	0	0
2061	1	6	54	0	0
2063	3	6	54	0	2
466	3	6	54	0	2
2064	3	6	54	0	2
2065	3	6	54	0	2
1976	3	6	54	0	1
2066	3	6	55	0	0
2067	3	6	55	0	1
1972	3	6	55	0	2
1974	3	6	55	0	2
1977	3	6	55	0	0
1978	3	6	55	0	2
1979	3	6	55	0	2
1968	3	10	40	0	0
2068	3	10	48	0	2
2070	3	10	48	0	2
618	3	10	48	0	0
737	3	10	51	0	0
2072	1	10	51	0	0
2073	2	10	51	0	0
2074	3	10	51	0	0
2076	3	10	51	0	2
2078	3	10	51	0	2
619	1	10	51	0	0
620	2	10	51	0	0
2080	1	10	52	0	1
2081	2	10	52	0	1
2082	3	10	52	0	1
2083	3	10	52	0	0
715	1	10	52	0	0
716	2	10	52	0	0
2084	3	10	52	0	0
621	1	10	52	0	2
622	2	10	52	0	2
625	3	10	52	0	2
736	3	10	53	0	0
2085	3	10	53	0	2
2086	3	10	53	0	2
627	3	10	53	0	0
2087	3	10	54	0	1
2089	1	10	54	0	0
2090	2	10	54	0	0
2091	3	10	54	0	2
2093	3	10	54	0	2
628	1	10	54	0	1
629	2	10	54	0	1
2095	3	10	55	0	0
2096	1	10	55	0	0
2097	2	10	55	0	0
2098	3	10	55	0	1
2099	1	10	55	0	1
2100	2	10	55	0	1
623	1	10	55	0	2
624	2	10	55	0	2
630	3	10	55	0	0
631	3	10	55	0	2
632	3	10	55	0	2
1968	3	9	40	0	0
2101	3	9	48	0	2
2102	3	9	48	0	2
2103	3	9	48	0	2
2104	3	9	48	0	2
1980	3	9	48	0	0
875	3	9	51	0	0
862	3	9	51	0	0
860	3	9	51	0	0
2105	3	9	51	0	2
2106	3	9	51	0	2
2107	3	9	51	0	2
2108	3	9	51	0	2
1981	3	9	51	0	0
2109	3	9	52	0	0
2110	3	9	52	0	0
2111	3	9	52	0	0
2112	3	9	52	0	1
2113	3	9	52	0	1
1982	3	9	52	0	2
1984	3	9	52	0	2
2114	3	9	53	0	2
2115	3	9	53	0	2
2116	3	9	53	0	1
1986	3	9	53	0	0
2117	3	9	54	0	0
2121	3	9	54	0	2
2122	3	9	54	0	2
2123	3	9	54	0	2
2124	3	9	54	0	2
1987	3	9	54	0	1
2125	3	9	55	0	0
2126	3	9	55	0	1
1983	3	9	55	0	2
1988	3	9	55	0	0
1989	3	9	55	0	2
1990	3	9	55	0	2
1968	3	7	40	0	0
2127	3	7	48	0	2
2128	3	7	48	0	2
2129	3	7	48	0	2
1021	3	7	48	0	0
2131	3	7	51	0	0
1132	2	7	51	0	0
1131	1	7	51	0	0
2132	3	7	51	0	0
2133	3	7	51	0	0
2134	3	7	51	0	2
2135	3	7	51	0	2
2136	3	7	51	0	2
2138	3	7	51	0	1
1022	3	7	51	0	0
2259	3	7	52	0	0
2140	3	7	52	0	1
2141	3	7	52	0	1
1023	1	7	52	0	2
1024	2	7	52	0	2
1027	3	7	52	0	2
2142	3	7	53	0	0
2143	3	7	53	0	2
2144	1	7	53	0	2
2145	2	7	53	0	2
1029	3	7	53	0	0
2146	3	7	54	0	0
2147	2	7	54	0	0
2148	1	7	54	0	0
2149	3	7	54	0	1
2150	3	7	54	0	2
2151	3	7	54	0	2
2152	3	7	54	0	2
1030	3	7	54	0	1
2154	3	7	55	0	0
2155	3	7	55	0	1
1025	1	7	55	0	2
1026	2	7	55	0	2
1028	3	7	55	0	2
1031	3	7	55	0	0
1032	3	7	55	0	2
1033	3	7	55	0	2
1968	3	8	40	0	0
2156	3	8	48	0	2
2157	3	8	48	0	2
2158	3	8	48	0	2
1991	3	8	48	0	0
2160	3	8	51	0	0
1267	3	8	51	0	0
2161	3	8	51	0	0
2162	3	8	51	0	2
2163	3	8	51	0	2
2164	3	8	51	0	2
2166	3	8	51	0	1
1992	3	8	51	0	0
2167	3	8	52	0	0
2168	3	8	52	0	1
2169	3	8	52	0	1
2170	3	8	52	0	1
1993	3	8	52	0	2
1995	3	8	52	0	2
2142	3	8	53	0	0
2171	3	8	53	0	2
1997	3	8	53	0	0
1276	3	8	54	0	0
2173	1	8	54	0	0
2174	2	8	54	0	0
2175	3	8	54	0	2
2176	3	8	54	0	2
2177	3	8	54	0	2
2179	3	8	54	0	1
1998	3	8	54	0	1
2180	3	8	55	0	0
2181	3	8	55	0	0
1255	3	8	55	0	0
2182	3	8	55	0	1
2183	3	8	55	0	1
1994	3	8	55	0	2
1996	3	8	55	0	2
2000	3	8	55	0	0
1999	3	8	55	0	2
2001	3	8	55	0	2
1968	3	11	40	0	0
2184	3	11	48	0	2
2186	3	11	48	0	2
1424	3	11	48	0	0
1388	3	11	51	0	0
1527	3	11	51	0	0
1520	3	11	51	0	0
1506	3	11	51	0	0
2188	3	11	51	0	2
2190	3	11	51	0	2
2192	3	11	51	0	1
1425	3	11	51	0	0
2193	1	11	52	0	0
2194	2	11	52	0	0
1524	3	11	52	0	0
2195	3	11	52	0	0
1486	3	11	52	0	1
2196	3	11	52	0	1
1426	3	11	52	0	2
1428	3	11	52	0	2
2197	3	11	53	0	0
1390	3	11	53	0	0
2199	3	11	53	0	2
1430	3	11	53	0	0
2200	3	11	54	0	0
2201	3	11	54	0	0
2202	1	11	54	0	0
2203	2	11	54	0	0
2205	3	11	54	0	2
2207	3	11	54	0	2
1431	3	11	54	0	1
2209	3	11	55	0	0
2210	3	11	55	0	0
2211	1	11	55	0	1
2212	2	11	55	0	1
2213	3	11	55	0	1
1429	3	11	55	0	2
1432	3	11	55	0	0
1433	3	11	55	0	2
1434	3	11	55	0	2
1968	3	12	40	0	0
2214	1	12	48	0	2
2215	2	12	48	0	2
2218	3	12	48	0	2
2002	3	12	48	0	0
1713	1	12	51	0	0
1714	2	12	51	0	0
1705	3	12	51	0	0
2219	3	12	51	0	1
2220	1	12	51	0	2
2221	2	12	51	0	2
2224	3	12	51	0	2
2003	3	12	51	0	0
2225	3	12	52	0	0
2226	3	12	52	0	1
2004	3	12	52	0	2
2006	3	12	52	0	2
2227	1	12	53	0	0
2228	2	12	53	0	0
2229	3	12	53	0	1
2230	3	12	53	0	2
2008	3	12	53	0	0
1706	1	12	54	0	0
1707	2	12	54	0	0
2233	3	12	54	0	1
2234	1	12	54	0	2
2235	2	12	54	0	2
2238	3	12	54	0	2
2009	3	12	54	0	1
2239	1	12	55	0	0
2240	2	12	55	0	0
2241	3	12	55	0	1
2010	3	12	55	0	0
2011	3	12	55	0	2
2012	3	12	55	0	2
2264	3	5	28	0	0
2265	3	5	40	0	0
2266	3	5	52	0	0
2267	3	5	34	0	1
2268	3	5	46	0	1
2269	3	6	34	0	0
2270	3	6	46	0	0
2271	3	6	40	0	1
2272	3	6	52	0	1
2273	3	10	13	0	0
2274	3	10	25	0	0
2275	3	10	37	0	0
2276	3	10	48	0	0
2277	3	10	48	0	1
2278	3	9	40	0	1
2279	3	9	43	0	0
2280	3	9	55	0	0
2281	3	7	16	0	0
2282	3	7	28	0	0
2283	3	7	40	0	0
2284	3	7	52	0	0
2285	3	7	45	0	1
2286	3	8	43	0	1
2287	3	8	55	0	1
2288	3	8	45	0	0
2289	3	11	40	0	0
2290	3	11	52	0	0
2291	1	11	43	0	1
2292	2	11	43	0	1
2293	1	11	55	0	1
2294	2	11	55	0	1
2295	3	12	22	0	0
2296	3	12	34	0	0
2297	3	12	46	0	0
2298	3	12	40	0	1
2299	3	12	52	0	1

 