3	3875	
id	mapid	position
int	int	string
203745	110010000	207223
203746	110010000	207223
203747	110010000	207223
204195	120010000	207224
204189	120010000	207224
204188	120010000	207224
210260	210010000	207225
210672	210010000	207225
210341	210010000	138948
210078	210010000	138948
210341	210010000	139015
210341	210010000	139015
210341	210010000	139015
210341	210010000	139015
210341	210010000	139015
210341	210010000	139070
210341	210010000	139070
210260	210010000	207226
210260	210010000	207226
210115	210010000	207227
210133	210010000	207227
210115	210010000	207228
210133	210010000	207228
210259	210010000	207229
210672	210010000	207229
210078	210010000	207230
210078	210010000	207230
210078	210010000	207230
210341	210010000	207230
210341	210010000	139217
210341	210010000	139217
210341	210010000	139217
210341	210010000	139217
210341	210010000	139217
203077	210010000	207231
203078	210010000	207231
210078	210010000	139220
210078	210010000	139220
210078	210010000	139241
210078	210010000	139241
210115	210010000	207232
210133	210010000	207232
210341	210010000	139402
210341	210010000	139402
210341	210010000	139402
210341	210010000	139402
210341	210010000	139402
210671	210010000	207233
210670	210010000	207233
210670	210010000	207233
210899	210020000	207234
210876	210020000	207234
211757	210020000	207235
211756	210020000	207235
211756	210020000	207235
211834	210020000	207236
211835	210020000	207236
211835	210020000	207236
211719	210020000	207237
211724	210020000	207237
211834	210020000	207238
211835	210020000	207238
211835	210020000	207238
211834	210020000	207239
211835	210020000	207239
211835	210020000	207239
207761	210020000	207240
207776	210020000	207240
203957	210020000	207241
207855	210020000	207241
207858	210020000	207241
211732	210020000	207242
210783	210020000	207242
211027	210020000	207243
211027	210020000	207243
207749	210020000	207244
207756	210020000	207244
207770	210020000	207244
211834	210020000	207245
211835	210020000	207245
211835	210020000	207245
211732	210020000	207246
210774	210020000	207246
210879	210020000	207247
210849	210020000	207247
207754	210020000	207248
207761	210020000	207248
210879	210020000	207249
210849	210020000	207249
211834	210020000	207250
211835	210020000	207250
211835	210020000	207250
207761	210020000	207251
207768	210020000	207251
211834	210020000	207252
211835	210020000	207252
210813	210020000	207253
210803	210020000	207253
210803	210020000	207253
210803	210020000	207253
212048	210020000	207254
212054	210020000	207254
211730	210020000	207255
211730	210020000	207255
207846	210020000	207256
207858	210020000	207256
207850	210020000	207256
211834	210020000	207257
211835	210020000	207257
210951	210020000	140230
210933	210020000	140230
210847	210020000	207258
210823	210020000	207258
211834	210020000	207259
211835	210020000	207259
210982	210020000	207260
210982	210020000	207260
210899	210020000	207261
210876	210020000	207261
211834	210020000	207262
211835	210020000	207262
211835	210020000	207262
211835	210020000	207262
211834	210020000	207263
211835	210020000	207263
210833	210020000	207264
210851	210020000	207264
210851	210020000	207264
211002	210020000	140696
211635	210020000	140696
211732	210020000	207265
210774	210020000	207265
207746	210020000	207266
207764	210020000	207266
207771	210020000	207266
207746	210020000	207267
207749	210020000	207267
207770	210020000	207267
207758	210020000	207268
207772	210020000	207268
207765	210020000	207268
210879	210020000	207269
210849	210020000	207269
210999	210020000	207270
210998	210020000	207270
210998	210020000	207270
211763	210020000	207271
211763	210020000	207271
211027	210020000	207272
211023	210020000	207272
211834	210020000	207273
211835	210020000	207273
211835	210020000	207273
211835	210020000	207273
210917	210020000	207274
210908	210020000	207274
211834	210020000	207275
211835	210020000	207275
210350	210020000	207276
210350	210020000	207276
211695	210020000	207277
211695	210020000	207277
210948	210020000	207278
210932	210020000	207278
210932	210020000	207278
211834	210020000	207279
211835	210020000	207279
210350	210020000	207280
210350	210020000	207280
211723	210020000	207281
211723	210020000	207281
210899	210020000	207282
210876	210020000	207282
211762	210020000	207283
211762	210020000	207283
211718	210020000	207284
211718	210020000	207284
210847	210020000	207285
210823	210020000	207285
211730	210020000	207286
211730	210020000	207286
211730	210020000	207286
211834	210020000	207287
211835	210020000	207287
211835	210020000	207287
207753	210020000	207288
207750	210020000	207288
207771	210020000	207288
211695	210020000	207289
211695	210020000	207289
210858	210020000	207290
210858	210020000	207290
210350	210020000	207291
210350	210020000	207291
211834	210020000	207292
211835	210020000	207292
211782	210020000	207293
211781	210020000	207293
210879	210020000	207294
210849	210020000	207294
211834	210020000	207295
211835	210020000	207295
211835	210020000	207295
211730	210020000	207296
211730	210020000	207296
211730	210020000	207296
211657	210020000	207297
211656	210020000	207297
211732	210020000	207298
210783	210020000	207298
211695	210020000	207299
211695	210020000	207299
211695	210020000	207299
210784	210020000	207300
210784	210020000	207300
210784	210020000	207300
210803	210020000	207301
210803	210020000	207301
210803	210020000	207301
211664	210020000	207302
211729	210020000	207302
211729	210020000	207302
211664	210020000	207302
211834	210020000	207303
211835	210020000	207303
211835	210020000	207303
211732	210020000	207304
210774	210020000	207304
211834	210020000	207305
211835	210020000	207305
211835	210020000	207305
211835	210020000	207305
203971	210020000	207306
203970	210020000	207306
210828	210020000	207307
210828	210020000	207307
210879	210020000	207308
210849	210020000	207308
210833	210020000	207309
210851	210020000	207309
210851	210020000	207309
211834	210020000	207310
211835	210020000	207310
211835	210020000	207310
207752	210020000	207311
207752	210020000	207311
211695	210020000	207312
211695	210020000	207312
211695	210020000	207312
211834	210020000	207313
211835	210020000	207313
211835	210020000	207313
211695	210020000	207314
211695	210020000	207314
207850	210020000	207315
207849	210020000	207315
211668	210020000	207316
211668	210020000	207316
211002	210020000	207317
211002	210020000	207317
207776	210020000	207318
207744	210020000	207318
207751	210020000	207318
211712	210020000	207319
211846	210020000	207319
211846	210020000	207319
211846	210020000	207319
211845	210020000	207319
212998	210020000	207319
212998	210020000	207319
212998	210020000	207319
211834	210020000	207320
211835	210020000	207320
211835	210020000	207320
210851	210020000	207321
210851	210020000	207321
210853	210020000	207322
210851	210020000	207322
210899	210020000	207323
210876	210020000	207323
207768	210020000	207324
207775	210020000	207324
210940	210020000	143266
210915	210020000	143266
210879	210020000	207325
210849	210020000	207325
207746	210020000	207326
207750	210020000	207326
207757	210020000	207326
207764	210020000	207326
207771	210020000	207326
211834	210020000	207327
211835	210020000	207327
210879	210020000	207328
210849	210020000	207328
210344	210030000	207329
210344	210030000	207329
210344	210030000	207329
210343	210030000	207329
210343	210030000	207329
210343	210030000	207329
210343	210030000	207329
210344	210030000	207330
210344	210030000	207330
210344	210030000	207330
210343	210030000	207330
210343	210030000	207330
210343	210030000	207330
203143	210030000	207331
203142	210030000	207331
210127	210030000	207332
210103	210030000	207332
210127	210030000	207333
210103	210030000	207333
210127	210030000	207334
210103	210030000	207334
205294	210030000	207335
799731	210030000	207335
799746	210030000	207335
799736	210030000	207335
799737	210030000	207335
210344	210030000	207336
210344	210030000	207336
210344	210030000	207336
210344	210030000	207336
210343	210030000	207336
210343	210030000	207336
210343	210030000	207336
210343	210030000	207336
210131	210030000	207337
210689	210030000	207337
210689	210030000	207337
210131	210030000	207338
210689	210030000	207338
210689	210030000	207338
210338	210030000	144314
210338	210030000	144314
203181	210030000	207339
203182	210030000	207339
210344	210030000	207340
210344	210030000	207340
210343	210030000	207340
210343	210030000	207340
210344	210030000	207341
210344	210030000	207341
210343	210030000	207341
210343	210030000	207341
203113	210030000	207342
203114	210030000	207342
210338	210030000	207343
210338	210030000	207343
203115	210030000	207344
203116	210030000	207344
210127	210030000	207345
210103	210030000	207345
210338	210030000	207346
210338	210030000	207346
210184	210030000	207347
210177	210030000	207347
210339	210030000	207348
210339	210030000	207348
210131	210030000	207349
210689	210030000	207349
210689	210030000	207349
210131	210030000	207350
210689	210030000	207350
210689	210030000	207350
210344	210030000	207351
210344	210030000	207351
210344	210030000	207351
210344	210030000	207351
210344	210030000	207351
210343	210030000	207351
210343	210030000	207351
210343	210030000	207351
210343	210030000	207351
210343	210030000	207351
210344	210030000	207352
210344	210030000	207352
210344	210030000	207352
210344	210030000	207352
210343	210030000	207352
210343	210030000	207352
210343	210030000	207352
210343	210030000	207352
210343	210030000	207352
210343	210030000	207352
210343	210030000	207352
203117	210030000	207353
203118	210030000	207353
210344	210030000	207354
210344	210030000	207354
210343	210030000	207354
210343	210030000	207354
210338	210030000	145043
210338	210030000	145043
210344	210030000	207355
210344	210030000	207355
210344	210030000	207355
210343	210030000	207355
210343	210030000	207355
210343	210030000	207355
210131	210030000	207356
210689	210030000	207356
210689	210030000	207356
210339	210030000	207357
210339	210030000	207357
210339	210030000	207357
210339	210030000	207357
210339	210030000	207357
210344	210030000	207358
210344	210030000	207358
210343	210030000	207358
210343	210030000	207358
210338	210030000	145463
210338	210030000	145463
210127	210030000	207359
210103	210030000	207359
203144	210030000	207360
203192	210030000	207360
203192	210030000	207360
203192	210030000	207360
210338	210030000	207361
210338	210030000	207361
210338	210030000	207362
210338	210030000	207362
210688	210030000	207363
210688	210030000	207363
211170	210040000	207364
211170	210040000	207364
212105	210040000	207365
212105	210040000	207365
212105	210040000	207365
212104	210040000	207365
207581	210040000	207366
207571	210040000	207366
213982	210040000	207367
213978	210040000	207367
212105	210040000	207368
212105	210040000	207368
212104	210040000	207368
212104	210040000	207368
211170	210040000	207369
211169	210040000	207369
212157	210040000	207370
212156	210040000	207370
213982	210040000	207371
213976	210040000	207371
211912	210040000	207372
211915	210040000	207372
213983	210040000	207373
213978	210040000	207373
211148	210040000	207374
211147	210040000	207374
211148	210040000	207375
211147	210040000	207375
212105	210040000	207376
212105	210040000	207376
212105	210040000	207376
212104	210040000	207376
211912	210040000	207377
211915	210040000	207377
211119	210040000	207378
211118	210040000	207378
207575	210040000	207379
207580	210040000	207379
211912	210040000	207380
211915	210040000	207380
211170	210040000	207381
211170	210040000	207381
212104	210040000	207382
212104	210040000	207382
212104	210040000	207382
212105	210040000	207382
211912	210040000	207383
211914	210040000	207383
211912	210040000	207384
211915	210040000	207384
211911	210040000	207385
211916	210040000	207385
211912	210040000	207386
211915	210040000	207386
213984	210040000	207387
213977	210040000	207387
207755	210040000	207388
207744	210040000	207388
207751	210040000	207388
212001	210040000	207389
212001	210040000	207389
211911	210040000	207390
211916	210040000	207390
211967	210040000	207391
211973	210040000	207391
211973	210040000	207391
212105	210040000	207392
212105	210040000	207392
212105	210040000	207392
212104	210040000	207392
211912	210040000	207393
211917	210040000	207393
213982	210040000	207394
213978	210040000	207394
211879	210040000	207395
211878	210040000	207395
212001	210040000	207396
212001	210040000	207396
211912	210040000	207397
211917	210040000	207397
211909	210040000	207398
211209	210040000	207398
211105	210040000	207399
211105	210040000	207399
213983	210040000	207400
213976	210040000	207400
211987	210040000	207401
211986	210040000	207401
211912	210040000	207402
211916	210040000	207402
212001	210040000	207403
212001	210040000	207403
207575	210040000	207404
207578	210040000	207404
207581	210040000	207404
207761	210040000	207405
207751	210040000	207405
212140	210040000	207406
212141	210040000	207406
212140	210040000	207406
211119	210040000	207407
211118	210040000	207407
211119	210040000	207408
211118	210040000	207408
211148	210040000	207409
211147	210040000	207409
213982	210040000	207410
213980	210040000	207410
207768	210040000	207411
207772	210040000	207411
211967	210040000	207412
211973	210040000	207412
211973	210040000	207412
212105	210040000	207413
212105	210040000	207413
212105	210040000	207413
212105	210040000	207413
211987	210040000	207414
211988	210040000	207414
211148	210040000	207415
211147	210040000	207415
211170	210040000	207416
211169	210040000	207416
207569	210040000	207417
207580	210040000	207417
207580	210040000	207417
207775	210040000	207418
207744	210040000	207418
211911	210040000	207419
211914	210040000	207419
213983	210040000	207420
213978	210040000	207420
211911	210040000	207421
211914	210040000	207421
213984	210040000	207422
213981	210040000	207422
212157	210040000	207423
212156	210040000	207423
211912	210040000	207424
211917	210040000	207424
799731	210040000	207425
799735	210040000	207425
211911	210040000	207426
211914	210040000	207426
212104	210040000	207427
212104	210040000	207427
212104	210040000	207427
212104	210040000	207427
211911	210040000	207428
211916	210040000	207428
213982	210040000	207429
213978	210040000	207429
213982	210040000	207430
213978	210040000	207430
213983	210040000	207431
213976	210040000	207431
213978	210040000	207431
211912	210040000	207432
211915	210040000	207432
211912	210040000	207433
211915	210040000	207433
213984	210040000	207434
213979	210040000	207434
211911	210040000	207435
211914	210040000	207435
213982	210040000	207436
213980	210040000	207436
211097	210040000	207437
211097	210040000	207437
207776	210040000	207438
207751	210040000	207438
207758	210040000	207438
211073	210040000	207439
211072	210040000	207439
211987	210040000	207440
211987	210040000	207440
207758	210040000	207441
207776	210040000	207441
207743	210040000	207442
207753	210040000	207442
207771	210040000	207442
211911	210040000	207443
211916	210040000	207443
211170	210040000	207444
211169	210040000	207444
212104	210040000	207445
212104	210040000	207445
212105	210040000	207445
212105	210040000	207445
211208	210040000	207446
211209	210040000	207446
212104	210040000	207447
212104	210040000	207447
212105	210040000	207447
212105	210040000	207447
211911	210040000	207448
211916	210040000	207448
212157	210040000	207449
212155	210040000	207449
211137	210040000	207450
211940	210040000	207450
211940	210040000	207450
211940	210040000	207450
211940	210040000	207450
211912	210040000	207451
211915	210040000	207451
211119	210040000	207452
211118	210040000	207452
207747	210040000	207453
207776	210040000	207453
211912	210040000	207454
211916	210040000	207454
212138	210040000	207455
212137	210040000	207455
212136	210040000	207455
212136	210040000	207455
212104	210040000	207456
212104	210040000	207456
212105	210040000	207456
212105	210040000	207456
212001	210040000	207457
212001	210040000	207457
212104	210040000	207458
212104	210040000	207458
212105	210040000	207458
212104	210040000	207458
211119	210040000	207459
211118	210040000	207459
212105	210040000	207460
212105	210040000	207460
212104	210040000	207460
212104	210040000	207460
212001	210040000	207461
212001	210040000	207461
211912	210040000	207462
211915	210040000	207462
207748	210040000	207463
207772	210040000	207463
207751	210040000	207463
216483	210050000	207464
216483	210050000	207464
216483	210050000	207464
209049	210050000	207465
209018	210050000	207465
209008	210050000	207465
216483	210050000	207466
216483	210050000	207466
209062	210050000	207467
209066	210050000	207467
215523	210050000	207468
215520	210050000	207468
215520	210050000	207468
209074	210050000	207469
209067	210050000	207469
209061	210050000	207469
209056	210050000	207469
258248	210050000	207470
258249	210050000	207470
258249	210050000	207470
258250	210050000	207470
258253	210050000	207470
258252	210050000	207470
258254	210050000	207470
258256	210050000	207470
258256	210050000	207470
258256	210050000	207470
258256	210050000	207470
258256	210050000	207470
258256	210050000	207470
258257	210050000	207470
258257	210050000	207470
258256	210050000	207470
258256	210050000	207470
258256	210050000	207470
258256	210050000	207470
258256	210050000	207470
258256	210050000	207470
258256	210050000	207470
258256	210050000	207470
258256	210050000	207470
258256	210050000	207470
258256	210050000	207470
258256	210050000	207470
216483	210050000	207471
216483	210050000	207471
216483	210050000	207471
215595	210050000	207472
215595	210050000	207472
258248	210050000	207473
258249	210050000	207473
258249	210050000	207473
258250	210050000	207473
258254	210050000	207473
258252	210050000	207473
258253	210050000	207473
258256	210050000	207473
258256	210050000	207473
258256	210050000	207473
258256	210050000	207473
258256	210050000	207473
258257	210050000	207473
258257	210050000	207473
258256	210050000	207473
258256	210050000	207473
258256	210050000	207473
258256	210050000	207473
258256	210050000	207473
258256	210050000	207473
258256	210050000	207473
258256	210050000	207473
258256	210050000	207473
258256	210050000	207473
258256	210050000	207473
258256	210050000	207473
258256	210050000	207473
215523	210050000	207474
215520	210050000	207474
209055	210050000	207475
209065	210050000	207475
209060	210050000	207475
209018	210050000	207476
209014	210050000	207476
209014	210050000	207476
209009	210050000	207477
209028	210050000	207477
209048	210050000	207477
209014	210050000	207478
209014	210050000	207478
216482	210050000	207479
216483	210050000	207479
216483	210050000	207479
209062	210050000	207480
209072	210050000	207480
209074	210050000	207481
209067	210050000	207481
209061	210050000	207481
209056	210050000	207481
209008	210050000	207482
209044	210050000	207482
209014	210050000	207482
209044	210050000	207482
209014	210050000	207482
209074	210050000	207483
209067	210050000	207483
209061	210050000	207483
209056	210050000	207483
215522	210050000	207484
215521	210050000	207484
209074	210050000	207485
209067	210050000	207485
209061	210050000	207485
209056	210050000	207485
209055	210050000	207486
209055	210050000	207486
216483	210050000	207487
216483	210050000	207487
216483	210050000	207487
209065	210050000	207488
209065	210050000	207488
215596	210050000	207489
215595	210050000	207489
216483	210050000	207490
216483	210050000	207490
216483	210050000	207491
216483	210050000	207491
209008	210050000	207492
209024	210050000	207492
209024	210050000	207492
209014	210050000	207492
209014	210050000	207492
209074	210050000	207493
209067	210050000	207493
209061	210050000	207493
209056	210050000	207493
215738	210050000	207494
215737	210050000	207494
217104	210050000	207495
217103	210050000	207495
217102	210050000	207495
217102	210050000	207495
217102	210050000	207495
217102	210050000	207495
217102	210050000	207495
217104	210050000	207495
217102	210050000	207495
217103	210050000	207495
217102	210050000	207495
217102	210050000	207495
217102	210050000	207495
217102	210050000	207495
217104	210050000	207495
217102	210050000	207495
217102	210050000	207495
217103	210050000	207495
217102	210050000	207495
217102	210050000	207495
217102	210050000	207495
217104	210050000	207495
217102	210050000	207495
217102	210050000	207495
217102	210050000	207495
217103	210050000	207495
217102	210050000	207495
217102	210050000	207495
217104	210050000	207495
217102	210050000	207495
217102	210050000	207495
217102	210050000	207495
217102	210050000	207495
217103	210050000	207495
217102	210050000	207495
217104	210050000	207495
217102	210050000	207495
217102	210050000	207495
217102	210050000	207495
217102	210050000	207495
217102	210050000	207495
217103	210050000	207495
216483	210050000	207496
216483	210050000	207496
216483	210050000	207497
216483	210050000	207497
216483	210050000	207497
209055	210050000	207498
209065	210050000	207498
216483	210050000	207499
216483	210050000	207499
216483	210050000	207499
216483	210050000	207500
216483	210050000	207500
216483	210050000	207500
209060	210050000	207501
209070	210050000	207501
209052	210050000	207502
209071	210050000	207502
217101	210050000	207503
217100	210050000	207503
217100	210050000	207503
217100	210050000	207503
217101	210050000	207503
217100	210050000	207503
217100	210050000	207503
217100	210050000	207503
217101	210050000	207503
209074	210050000	207504
209067	210050000	207504
209061	210050000	207504
209056	210050000	207504
216436	210050000	207505
216437	210050000	207505
216437	210050000	207505
216437	210050000	207505
216508	210050000	207506
215632	210050000	207506
215633	210050000	207506
216508	210050000	207507
215632	210050000	207507
215633	210050000	207507
209055	210050000	207508
209065	210050000	207508
209070	210050000	207508
216483	210050000	207509
216483	210050000	207509
216483	210050000	207509
216483	210050000	207510
216483	210050000	207510
216483	210050000	207510
216483	210050000	207511
216483	210050000	207511
216483	210050000	207511
216483	210050000	207512
216483	210050000	207512
215522	210050000	207513
215521	210050000	207513
215521	210050000	207513
214338	210060000	207514
214338	210060000	207514
214338	210060000	207514
211834	210060000	156907
211835	210060000	156907
211834	210060000	156986
211835	210060000	156986
214300	210060000	207515
214306	210060000	207515
280943	210060000	207516
214203	210060000	207517
214202	210060000	207517
214202	210060000	207517
214299	210060000	207518
214305	210060000	207518
214300	210060000	207519
214306	210060000	207519
214300	210060000	207520
214306	210060000	207520
214300	210060000	207521
214306	210060000	207521
214337	210060000	207522
214283	210060000	207522
280943	210060000	207523
214299	210060000	207524
214305	210060000	207524
214188	210060000	207525
214187	210060000	207525
214187	210060000	207525
798183	210060000	207526
798184	210060000	207526
214251	210060000	207527
214250	210060000	207527
214188	210060000	207528
214187	210060000	207528
214187	210060000	207528
211834	210060000	159967
211835	210060000	159967
214300	210060000	207529
214306	210060000	207529
798147	210060000	207530
798147	210060000	207530
280943	210060000	207531
214337	210060000	207532
214337	210060000	207532
214306	210060000	207533
214299	210060000	207533
214203	210060000	207534
214203	210060000	207534
214203	210060000	207534
280943	210060000	207535
214299	210060000	207536
214305	210060000	207536
210351	210060000	207537
210351	210060000	207537
214203	210060000	207538
214202	210060000	207538
798183	210060000	207539
798184	210060000	207539
214337	210060000	207540
214283	210060000	207540
214298	210060000	207541
214298	210060000	207541
214300	210060000	207542
214306	210060000	207542
214338	210060000	207543
214338	210060000	207543
214338	210060000	207543
210351	210060000	207544
210351	210060000	207544
210351	210060000	207544
210351	210060000	207544
214305	210060000	207545
214299	210060000	207545
280943	210060000	207546
211834	210060000	162842
211835	210060000	162842
214300	210060000	207547
214306	210060000	207547
214300	210060000	207548
214306	210060000	207548
214298	210060000	207549
214298	210060000	207549
214304	210060000	207549
210370	220010000	207550
210650	220010000	207550
210650	220010000	207550
210730	220010000	207551
210730	220010000	207551
210729	220010000	207551
210729	220010000	207551
210653	220010000	163375
210364	220010000	163375
210585	220010000	163376
210585	220010000	163376
210652	220010000	207552
210389	220010000	207552
210363	220010000	207553
210363	220010000	207553
203506	220010000	207553
210387	220010000	207554
210387	220010000	207554
210649	220010000	207555
210649	220010000	207555
210366	220010000	163470
210365	220010000	163470
210365	220010000	163470
210370	220010000	207556
210650	220010000	207556
210748	220010000	207557
210749	220010000	207557
210653	220010000	207558
210364	220010000	207558
210733	220010000	207559
210369	220010000	207559
210365	220010000	207560
210365	220010000	207560
210653	220010000	163528
210364	220010000	163528
210733	220010000	163529
210368	220010000	163529
210391	220010000	207561
210391	220010000	207561
210373	220010000	207562
210373	220010000	207562
210733	220010000	207563
210369	220010000	207563
210366	220010000	163606
210366	220010000	163606
210366	220010000	163606
210366	220010000	163606
210366	220010000	163606
210371	220010000	207564
210651	220010000	207564
210651	220010000	207564
210366	220010000	163639
210366	220010000	163639
210366	220010000	163639
210366	220010000	163639
210366	220010000	163639
210748	220010000	207565
210749	220010000	207565
210649	220010000	207566
210649	220010000	207566
210733	220010000	207567
210369	220010000	207567
210649	220010000	207568
210649	220010000	207568
210373	220010000	207569
210373	220010000	207569
210376	220010000	207570
210376	220010000	207570
210649	220010000	207571
210649	220010000	207571
210649	220010000	207572
210649	220010000	207572
210371	220010000	163694
210651	220010000	163694
210370	220010000	207573
210650	220010000	207573
210363	220010000	207574
210363	220010000	207574
203505	220010000	207574
210651	220010000	207575
210651	220010000	207575
210371	220010000	207575
210653	220010000	207576
210364	220010000	207576
210366	220010000	163734
210366	220010000	163734
210649	220010000	207577
210649	220010000	207577
210371	220010000	207578
210651	220010000	207578
210651	220010000	207578
210370	220010000	207579
210650	220010000	207579
210373	220010000	207580
210373	220010000	207580
210653	220010000	207581
210363	220010000	207581
210371	220010000	207582
210650	220010000	207582
210650	220010000	207582
210366	220010000	207583
210365	220010000	207583
210365	220010000	207583
210649	220010000	207584
210649	220010000	207584
210366	220010000	163823
210366	220010000	163823
210649	220010000	207585
210649	220010000	207585
210370	220010000	207586
210650	220010000	207586
210650	220010000	207586
210370	220010000	207587
210650	220010000	207587
210373	220010000	207588
210373	220010000	207588
210749	220010000	207589
210748	220010000	207589
210653	220010000	207590
210364	220010000	207590
210733	220010000	207591
210369	220010000	207591
210733	220010000	207592
210369	220010000	207592
210363	220010000	207593
203505	220010000	207593
203505	220010000	207593
210653	220010000	207594
210363	220010000	207594
203505	220010000	207594
203506	220010000	207594
210648	220010000	207595
210653	220010000	207595
210364	220010000	207595
210371	220010000	207596
210651	220010000	207596
210586	220010000	163945
210585	220010000	163945
210748	220010000	207597
210749	220010000	207597
210363	220010000	207598
203505	220010000	207598
203506	220010000	207598
210649	220010000	207599
210649	220010000	207599
210365	220010000	207600
210365	220010000	207600
210365	220010000	207600
210365	220010000	207600
210365	220010000	207600
210748	220010000	207601
210749	220010000	207601
210653	220010000	164018
210364	220010000	164018
210748	220010000	207602
210749	220010000	207602
210646	220010000	164079
210646	220010000	164079
210371	220010000	207603
210371	220010000	207603
210649	220010000	207604
210649	220010000	207604
210733	220010000	207605
210368	220010000	207605
210653	220010000	207606
210364	220010000	207606
210370	220010000	207607
210650	220010000	207607
210371	220010000	207608
210651	220010000	207608
210387	220010000	207609
210387	220010000	207609
210733	220010000	207610
210369	220010000	207610
210363	220010000	207611
210363	220010000	207611
203505	220010000	207611
210366	220010000	164112
210366	220010000	164112
210370	220010000	207612
210650	220010000	207612
211437	220020000	207613
211395	220020000	207613
212873	220020000	207614
212985	220020000	207614
212986	220020000	207614
212547	220020000	207615
212549	220020000	207615
207781	220020000	207616
207785	220020000	207616
207806	220020000	207616
207799	220020000	207616
211500	220020000	207617
211485	220020000	207617
212547	220020000	207618
212549	220020000	207618
211321	220020000	207619
212382	220020000	207619
212512	220020000	207620
211593	220020000	207620
212511	220020000	207620
212629	220020000	207621
212629	220020000	207621
212629	220020000	207621
212996	220020000	207622
212996	220020000	207622
212996	220020000	207622
207787	220020000	207623
207808	220020000	207623
207791	220020000	207623
207798	220020000	207623
212547	220020000	207624
212549	220020000	207624
212616	220020000	207625
212616	220020000	207625
211335	220020000	207626
211335	220020000	207626
211593	220020000	207627
212905	220020000	207627
212546	220020000	207628
212548	220020000	207628
212623	220020000	207629
212624	220020000	207629
211515	220020000	207630
212618	220020000	207630
211335	220020000	207631
211321	220020000	207631
212623	220020000	207632
212628	220020000	207632
212634	220020000	207633
211395	220020000	207633
212634	220020000	207634
211395	220020000	207634
211336	220020000	207635
211335	220020000	207635
207795	220020000	207636
207785	220020000	207636
207806	220020000	207636
211500	220020000	207637
211499	220020000	207637
212629	220020000	207638
212628	220020000	207638
212628	220020000	207638
211336	220020000	207639
211321	220020000	207639
211321	220020000	207639
211382	220020000	207640
211382	220020000	207640
212546	220020000	207641
212548	220020000	207641
212725	220020000	207642
212723	220020000	207642
211318	220020000	207643
211324	220020000	207643
211437	220020000	207644
211395	220020000	207644
211437	220020000	207645
211395	220020000	207645
211558	220020000	207646
211557	220020000	207646
212634	220020000	207647
211395	220020000	207647
211321	220020000	207648
212382	220020000	207648
211580	220020000	207649
211581	220020000	207649
211581	220020000	207650
211581	220020000	207650
211503	220020000	207651
211502	220020000	207651
204391	220020000	207652
203358	220020000	207652
211538	220020000	207653
211540	220020000	207653
212633	220020000	207654
211395	220020000	207654
212547	220020000	207655
212549	220020000	207655
211581	220020000	207656
212718	220020000	207656
211324	220020000	207657
211318	220020000	207657
211318	220020000	207657
211318	220020000	207657
211570	220020000	207658
212893	220020000	207658
207808	220020000	207659
207801	220020000	207659
207777	220020000	207659
207784	220020000	207659
212633	220020000	207660
211395	220020000	207660
211324	220020000	207661
211324	220020000	207661
211324	220020000	207661
212715	220020000	207662
212711	220020000	207662
212633	220020000	207663
211395	220020000	207663
212622	220020000	207664
212624	220020000	207664
212624	220020000	207664
212634	220020000	207665
211395	220020000	207665
207874	220020000	207666
207867	220020000	207666
207864	220020000	207666
212629	220020000	207667
212624	220020000	207667
212624	220020000	207667
212725	220020000	207668
212723	220020000	207668
207796	220020000	207669
207810	220020000	207669
207789	220020000	207669
211382	220020000	207670
211381	220020000	207670
212628	220020000	207671
212629	220020000	207671
211500	220020000	207672
211485	220020000	207672
212427	220020000	207673
212427	220020000	207673
212629	220020000	207674
212624	220020000	207674
211593	220020000	207675
212905	220020000	207675
212417	220020000	207676
212417	220020000	207676
211593	220020000	207677
211593	220020000	207677
212906	220020000	207677
204302	220020000	207678
203358	220020000	207678
211437	220020000	207679
211395	220020000	207679
212547	220020000	207680
212549	220020000	207680
212724	220020000	207681
211562	220020000	207681
211595	220020000	207682
211588	220020000	207682
211456	220020000	207683
211426	220020000	207683
212724	220020000	207684
211562	220020000	207684
212897	220020000	207685
212969	220020000	207685
212633	220020000	207686
211395	220020000	207686
211601	220020000	207687
212729	220020000	207687
212725	220020000	207688
212722	220020000	207688
211321	220020000	207689
211321	220020000	207689
207862	220020000	207690
207864	220020000	207690
207870	220020000	207690
212374	220020000	207691
212373	220020000	207691
212373	220020000	207691
212725	220020000	207692
212723	220020000	207692
212624	220020000	207693
212624	220020000	207693
211503	220020000	207694
211502	220020000	207694
210436	220030000	207695
210438	220030000	207695
210436	220030000	207696
210438	220030000	207696
210534	220030000	207697
210561	220030000	207697
210536	220030000	207698
211283	220030000	207698
210543	220030000	207699
210545	220030000	207699
211281	220030000	207700
210514	220030000	207700
211281	220030000	207701
210514	220030000	207701
210536	220030000	207702
210561	220030000	207702
210487	220030000	207703
210489	220030000	207703
210487	220030000	207704
210489	220030000	207704
210487	220030000	207705
210488	220030000	207705
210537	220030000	207706
210534	220030000	207706
210595	220030000	207707
210595	220030000	207707
210542	220030000	207708
210514	220030000	207708
210552	220030000	207709
210466	220030000	207709
211281	220030000	207710
210514	220030000	207710
203566	220030000	207711
203567	220030000	207711
203568	220030000	207711
210446	220030000	207712
210659	220030000	207712
211279	220030000	207713
211279	220030000	207713
205295	220030000	207714
799731	220030000	207714
799746	220030000	207714
799736	220030000	207714
799737	220030000	207714
210595	220030000	207715
210595	220030000	207715
210542	220030000	207716
210514	220030000	207716
210598	220030000	207717
210454	220030000	207717
210454	220030000	207717
210595	220030000	207718
210595	220030000	207718
210498	220030000	207719
210499	220030000	207719
203595	220030000	207720
203596	220030000	207720
203661	220030000	207721
203662	220030000	207721
210544	220030000	207722
210546	220030000	207722
210561	220030000	207723
210534	220030000	207723
210536	220030000	207724
210540	220030000	207724
210486	220030000	207725
210488	220030000	207725
210498	220030000	207726
210499	220030000	207726
210542	220030000	207727
210514	220030000	207727
210436	220030000	207728
210438	220030000	207728
210436	220030000	207729
210438	220030000	207729
210437	220030000	207730
210439	220030000	207730
210437	220030000	207731
210439	220030000	207731
210440	220030000	207732
210503	220030000	207732
210430	220030000	207733
210429	220030000	207733
210528	220030000	207734
210530	220030000	207734
210436	220030000	207735
210438	220030000	207735
210544	220030000	207736
210546	220030000	207736
203593	220030000	207737
203594	220030000	207737
210440	220030000	207738
210503	220030000	207738
210474	220030000	207739
210471	220030000	207739
210552	220030000	207740
210466	220030000	207740
210498	220030000	207741
210499	220030000	207741
210543	220030000	207742
210545	220030000	207742
210599	220030000	207743
210567	220030000	207743
210451	220030000	207743
210567	220030000	207743
210451	220030000	207743
210720	220030000	207744
210720	220030000	207744
210721	220030000	207744
210721	220030000	207744
210437	220030000	207745
210439	220030000	207745
210436	220030000	207746
210438	220030000	207746
210436	220030000	207747
210438	220030000	207747
210437	220030000	207748
210439	220030000	207748
210486	220030000	207749
210488	220030000	207749
210536	220030000	207750
210561	220030000	207750
210487	220030000	207751
210488	220030000	207751
210561	220030000	207752
210536	220030000	207752
211281	220030000	207753
210514	220030000	207753
210595	220030000	171146
210595	220030000	171146
203637	220030000	207754
203636	220030000	207754
203584	220030000	207754
210487	220030000	207755
210489	220030000	207755
210437	220030000	207756
210439	220030000	207756
210440	220030000	207757
210503	220030000	207757
210437	220030000	207758
210439	220030000	207758
210440	220030000	207759
210503	220030000	207759
210551	220030000	207760
210465	220030000	207760
210440	220030000	207761
210503	220030000	207761
210498	220030000	207762
210499	220030000	207762
210446	220030000	207763
210659	220030000	207763
210659	220030000	207763
210487	220030000	207764
210489	220030000	207764
211281	220030000	207765
210514	220030000	207765
203652	220030000	207766
203653	220030000	207766
210436	220030000	207767
210438	220030000	207767
210498	220030000	207768
210499	220030000	207768
210542	220030000	207769
210514	220030000	207769
210543	220030000	207770
210545	220030000	207770
210595	220030000	207771
210595	220030000	207771
203569	220030000	207772
203570	220030000	207772
203571	220030000	207772
211279	220030000	207773
210561	220030000	207773
210456	220030000	207774
210452	220030000	207774
210437	220030000	207775
210439	220030000	207775
210437	220030000	207776
210439	220030000	207776
210471	220030000	207777
210471	220030000	207777
210543	220030000	207778
210545	220030000	207778
211281	220030000	207779
210547	220030000	207779
210717	220030000	207780
210716	220030000	207780
210716	220030000	207780
210543	220030000	207781
210545	220030000	207781
213361	220040000	207782
213361	220040000	207782
213271	220040000	207783
213269	220040000	207783
213353	220040000	207784
213367	220040000	207784
213091	220040000	207785
213091	220040000	207785
213091	220040000	207785
213091	220040000	207786
213091	220040000	207786
213091	220040000	207787
213091	220040000	207787
213091	220040000	207787
213362	220040000	207788
213361	220040000	207788
213090	220040000	207789
213090	220040000	207789
213090	220040000	207789
213361	220040000	207790
213361	220040000	207790
213361	220040000	207791
213361	220040000	207791
213078	220040000	207792
213241	220040000	207792
213241	220040000	207792
213168	220040000	207793
213169	220040000	207793
213361	220040000	207794
213361	220040000	207794
213078	220040000	207795
213241	220040000	207795
213090	220040000	207796
213090	220040000	207796
213090	220040000	207796
213355	220040000	207797
213368	220040000	207797
213354	220040000	207798
213368	220040000	207798
213090	220040000	207799
213090	220040000	207799
213090	220040000	207799
213106	220040000	207800
213107	220040000	207800
213113	220040000	207801
213113	220040000	207801
213091	220040000	207802
213091	220040000	207802
213090	220040000	207802
213353	220040000	207803
213367	220040000	207803
213355	220040000	207804
213368	220040000	207804
213547	220040000	207805
213146	220040000	207805
213354	220040000	207806
213368	220040000	207806
213548	220040000	207807
213547	220040000	207807
213531	220040000	207808
213220	220040000	207808
213024	220040000	207809
213022	220040000	207809
213090	220040000	207810
213090	220040000	207810
213090	220040000	207810
213051	220040000	207811
213050	220040000	207811
213532	220040000	207812
213218	220040000	207812
213354	220040000	207813
213368	220040000	207813
213078	220040000	207814
213241	220040000	207814
213241	220040000	207814
207786	220040000	207815
207779	220040000	207815
207810	220040000	207815
213091	220040000	207816
213091	220040000	207816
213361	220040000	207817
213362	220040000	207817
213361	220040000	207817
213361	220040000	207818
213361	220040000	207818
213354	220040000	207819
213368	220040000	207819
213353	220040000	207820
213367	220040000	207820
213355	220040000	207821
213368	220040000	207821
213348	220040000	207822
213350	220040000	207822
213354	220040000	207823
213368	220040000	207823
204819	220040000	207824
204820	220040000	207824
213090	220040000	207825
213090	220040000	207825
213090	220040000	207825
213079	220040000	207826
213242	220040000	207826
213242	220040000	207826
213079	220040000	207827
213242	220040000	207827
213242	220040000	207827
213091	220040000	207828
213091	220040000	207828
213091	220040000	207828
213091	220040000	207829
213091	220040000	207829
213091	220040000	207829
213090	220040000	207830
213090	220040000	207830
213090	220040000	207830
213355	220040000	207831
213368	220040000	207831
213355	220040000	207832
213368	220040000	207832
213091	220040000	207833
213091	220040000	207833
213090	220040000	207833
213362	220040000	207834
213361	220040000	207834
213282	220040000	207835
213568	220040000	207835
213354	220040000	207836
213368	220040000	207836
213090	220040000	207837
213090	220040000	207837
213090	220040000	207837
213090	220040000	207837
213091	220040000	207838
213091	220040000	207838
213024	220040000	207839
213022	220040000	207839
213079	220040000	207840
213242	220040000	207840
213242	220040000	207840
213354	220040000	207841
213368	220040000	207841
213091	220040000	207842
213091	220040000	207842
213091	220040000	207842
213091	220040000	207843
213091	220040000	207843
213091	220040000	207843
213351	220040000	207844
213347	220040000	207844
213532	220040000	207845
213218	220040000	207845
213354	220040000	207846
213368	220040000	207846
213156	220040000	207847
213156	220040000	207847
207786	220040000	207848
207807	220040000	207848
213531	220040000	207849
213218	220040000	207849
207796	220040000	207850
207779	220040000	207850
207786	220040000	207850
207807	220040000	207850
213533	220040000	207851
213220	220040000	207851
213091	220040000	207852
213091	220040000	207852
213091	220040000	207852
213091	220040000	207852
207840	220040000	207853
207840	220040000	207853
207841	220040000	207853
213355	220040000	207854
213368	220040000	207854
213354	220040000	207855
213368	220040000	207855
213354	220040000	207856
213368	220040000	207856
213091	220040000	207857
213091	220040000	207857
213091	220040000	207857
213090	220040000	207857
213212	220040000	207858
213214	220040000	207858
213214	220040000	207858
213079	220040000	207859
213078	220040000	207859
213078	220040000	207859
213362	220040000	207860
213362	220040000	207860
213090	220040000	207861
213090	220040000	207861
213090	220040000	207861
213354	220040000	207862
213368	220040000	207862
204819	220040000	207863
204819	220040000	207863
207807	220040000	207864
207800	220040000	207864
213572	220040000	207865
213571	220040000	207865
213091	220040000	207866
213091	220040000	207866
213091	220040000	207866
213362	220040000	207867
213362	220040000	207867
213355	220040000	207868
213368	220040000	207868
213090	220040000	207869
213090	220040000	207869
213090	220040000	207869
213355	220040000	207870
213368	220040000	207870
213156	220040000	207871
213149	220040000	207871
213149	220040000	207871
213148	220040000	207871
213148	220040000	207871
213355	220040000	207872
213368	220040000	207872
213574	220040000	207873
213573	220040000	207873
213571	220040000	207874
213571	220040000	207874
213354	220040000	207875
213368	220040000	207875
213362	220040000	207876
213362	220040000	207876
213031	220040000	207877
213029	220040000	207877
213029	220040000	207877
213686	220040000	207878
213688	220040000	207878
213787	220040000	207878
213688	220040000	207878
213354	220040000	207879
213368	220040000	207879
213090	220040000	207880
213090	220040000	207880
213090	220040000	207880
213090	220040000	207880
213078	220040000	207881
213241	220040000	207881
213241	220040000	207881
213065	220040000	207882
213065	220040000	207882
213531	220040000	207883
213220	220040000	207883
213318	220040000	207884
213324	220040000	207884
213064	220040000	207885
213064	220040000	207885
213090	220040000	207886
213090	220040000	207886
213090	220040000	207886
213574	220040000	207887
213574	220040000	207887
207793	220040000	207888
207786	220040000	207888
213353	220040000	207889
213367	220040000	207889
213353	220040000	207890
213367	220040000	207890
213649	220040000	207891
213644	220040000	207891
213354	220040000	207892
213368	220040000	207892
213648	220040000	207893
213642	220040000	207893
213353	220040000	207894
213367	220040000	207894
213531	220040000	207895
213220	220040000	207895
213362	220040000	207896
213361	220040000	207896
213361	220040000	207896
213090	220040000	207897
213090	220040000	207897
213090	220040000	207897
213106	220040000	207898
213107	220040000	207898
213090	220040000	207899
213090	220040000	207899
213354	220040000	207900
213368	220040000	207900
207599	220040000	207901
207604	220040000	207901
207602	220040000	207901
213362	220040000	207902
213362	220040000	207902
213031	220040000	207903
213029	220040000	207903
213354	220040000	207904
213368	220040000	207904
213362	220040000	207905
213362	220040000	207905
213090	220040000	207906
213090	220040000	207906
213090	220040000	207906
207610	220040000	207907
207602	220040000	207907
207608	220040000	207907
213362	220040000	207908
213362	220040000	207908
213547	220040000	207909
213247	220040000	207909
213353	220040000	207910
213367	220040000	207910
207779	220040000	207911
207807	220040000	207911
207789	220040000	207911
207598	220040000	207912
207610	220040000	207912
213156	220040000	207913
213149	220040000	207913
213148	220040000	207913
213353	220040000	207914
213367	220040000	207914
213261	220040000	207915
213566	220040000	207915
213355	220040000	207916
213368	220040000	207916
213355	220040000	207917
213368	220040000	207917
213648	220040000	207918
213646	220040000	207918
213091	220040000	207919
213090	220040000	207919
213090	220040000	207919
213354	220040000	207920
213368	220040000	207920
213353	220040000	207921
213367	220040000	207921
213105	220040000	207922
213107	220040000	207922
213078	220040000	207923
213241	220040000	207923
213241	220040000	207923
213090	220040000	207924
213090	220040000	207924
213090	220040000	207924
213024	220040000	207925
213022	220040000	207925
213353	220040000	207926
213367	220040000	207926
213531	220040000	207927
213218	220040000	207927
213079	220040000	207928
213242	220040000	207928
213242	220040000	207928
213347	220040000	207929
213350	220040000	207929
213362	220040000	207930
213361	220040000	207930
213572	220040000	207931
213572	220040000	207931
213090	220040000	207932
213090	220040000	207932
213090	220040000	207932
213090	220040000	207933
213090	220040000	207933
213090	220040000	207933
213090	220040000	207934
213090	220040000	207934
214541	220050000	207935
214541	220050000	207935
214541	220050000	207935
212360	220050000	207936
212360	220050000	207936
213100	220050000	207937
213100	220050000	207937
213100	220050000	207938
213100	220050000	207938
210376	220050000	207939
210376	220050000	207939
213100	220050000	207940
213100	220050000	207940
213100	220050000	207941
213100	220050000	207941
210376	220050000	207942
210376	220050000	207942
214541	220050000	207943
214541	220050000	207943
214541	220050000	207943
214414	220050000	207944
214413	220050000	207944
214541	220050000	207945
214541	220050000	207945
214541	220050000	207945
213100	220050000	207946
213100	220050000	207946
214541	220050000	207947
214541	220050000	207947
214541	220050000	207947
212996	220050000	207948
212996	220050000	207948
214479	220050000	207949
214481	220050000	207949
212996	220050000	207950
212996	220050000	207950
212996	220050000	207951
212996	220050000	207951
212360	220050000	207952
212360	220050000	207952
212360	220050000	207953
212360	220050000	207953
207740	220050000	207954
207741	220050000	207954
214541	220050000	207955
214541	220050000	207955
214541	220050000	207955
212996	220050000	207956
212996	220050000	207956
213100	220050000	207957
213100	220050000	207957
212360	220050000	207958
212360	220050000	207958
212360	220050000	207959
212360	220050000	207959
212360	220050000	207960
212360	220050000	207960
213100	220050000	207961
213100	220050000	207961
205169	220050000	207962
205168	220050000	207962
212360	220050000	207963
212360	220050000	207963
214541	220050000	207964
214541	220050000	207964
214541	220050000	207964
214541	220050000	207965
214541	220050000	207965
214541	220050000	207965
214541	220050000	207966
214541	220050000	207966
214541	220050000	207966
214413	220050000	207967
214414	220050000	207967
214413	220050000	207967
213100	220050000	207968
213100	220050000	207968
212363	220050000	207969
212363	220050000	207969
212363	220050000	207969
213100	220050000	207970
213100	220050000	207970
214541	220050000	207971
214541	220050000	207971
214541	220050000	207971
212363	220050000	207972
212363	220050000	207972
212363	220050000	207972
213100	220050000	207973
213100	220050000	207973
212360	220050000	207974
212360	220050000	207974
212360	220050000	207975
212360	220050000	207975
212360	220050000	207976
212360	220050000	207976
212360	220050000	207977
212360	220050000	207977
214433	220050000	207978
214433	220050000	207978
212996	220050000	207979
212996	220050000	207979
214541	220050000	207980
214541	220050000	207980
214541	220050000	207980
213100	220050000	207981
213100	220050000	207981
214468	220050000	207982
214468	220050000	207982
212360	220050000	207983
212360	220050000	207983
210376	220050000	207984
210376	220050000	207984
210376	220050000	207985
210376	220050000	207985
213100	220050000	207986
213100	220050000	207986
214541	220050000	207987
214541	220050000	207987
214541	220050000	207987
210376	220050000	207988
210376	220050000	207988
212363	220050000	207989
212363	220050000	207989
212363	220050000	207989
210376	220050000	207990
210376	220050000	207990
212996	220050000	207991
212996	220050000	207991
212360	220050000	207992
212360	220050000	207992
214541	220050000	207993
214541	220050000	207993
214541	220050000	207993
214541	220050000	207994
214541	220050000	207994
214541	220050000	207994
205130	220050000	207995
203359	220050000	207995
213100	220050000	207996
213100	220050000	207996
212360	220050000	207997
212360	220050000	207997
212360	220050000	207998
212360	220050000	207998
214541	220050000	207999
214541	220050000	207999
214541	220050000	207999
212996	220050000	208000
212996	220050000	208000
213100	220050000	208001
213100	220050000	208001
214541	220050000	208002
214541	220050000	208002
214541	220050000	208002
214541	220050000	208003
214541	220050000	208003
214541	220050000	208003
213100	220050000	208004
213100	220050000	208004
214468	220050000	208005
214468	220050000	208005
212360	220050000	208006
212360	220050000	208006
214541	220050000	208007
214541	220050000	208007
214541	220050000	208007
214541	220050000	208008
214541	220050000	208008
214541	220050000	208008
212996	220050000	208009
212996	220050000	208009
210376	220050000	208010
210376	220050000	208010
212360	220050000	208011
212360	220050000	208011
212360	220050000	208012
212360	220050000	208012
212363	220050000	208013
212363	220050000	208013
212363	220050000	208013
213100	220050000	208014
213100	220050000	208014
212363	220050000	208015
212363	220050000	208015
212363	220050000	208015
212360	220050000	208016
212360	220050000	208016
210342	220050000	208017
210342	220050000	208017
214468	220050000	208018
214468	220050000	208018
214541	220050000	208019
214541	220050000	208019
214541	220050000	208019
213100	220050000	208020
213100	220050000	208020
213100	220050000	208021
213100	220050000	208021
213100	220050000	208022
213100	220050000	208022
214541	220050000	208023
214541	220050000	208023
214541	220050000	208023
214541	220050000	208024
214541	220050000	208024
214541	220050000	208024
214433	220050000	208025
214433	220050000	208025
213100	220050000	208026
213100	220050000	208026
210376	220050000	208027
210376	220050000	208027
213100	220050000	208028
213100	220050000	208028
214433	220050000	208029
214433	220050000	208029
214468	220050000	208030
214468	220050000	208030
214541	220050000	208031
214541	220050000	208031
214541	220050000	208031
212360	220050000	208032
212360	220050000	208032
214541	220050000	208033
214541	220050000	208033
214541	220050000	208033
212360	220050000	208034
212360	220050000	208034
212363	220050000	208035
212363	220050000	208035
212363	220050000	208035
210376	220050000	208036
210376	220050000	208036
213100	220050000	208037
213100	220050000	208037
212360	220050000	208038
212360	220050000	208038
214541	220050000	208039
214541	220050000	208039
214541	220050000	208039
212360	220050000	208040
212360	220050000	208040
214468	220050000	208041
214468	220050000	208041
210376	220050000	208042
210376	220050000	208042
213100	220050000	208043
213100	220050000	208043
214541	220050000	208044
214541	220050000	208044
214541	220050000	208044
214541	220050000	208045
214541	220050000	208045
214541	220050000	208045
214541	220050000	208046
214541	220050000	208046
214541	220050000	208046
212360	220050000	208047
212360	220050000	208047
214541	220050000	208048
214541	220050000	208048
214541	220050000	208048
212360	220050000	208049
212360	220050000	208049
212360	220050000	208050
212360	220050000	208050
212363	220050000	208051
212363	220050000	208051
212363	220050000	208051
212363	220050000	208052
212363	220050000	208052
212363	220050000	208052
214541	220050000	208053
214541	220050000	208053
214541	220050000	208053
210376	220050000	208054
210376	220050000	208054
210376	220050000	208055
210376	220050000	208055
210376	220050000	208056
210376	220050000	208056
214541	220050000	208057
214541	220050000	208057
214541	220050000	208057
212363	220050000	208058
212363	220050000	208058
212363	220050000	208058
212996	220050000	208059
212996	220050000	208059
212360	220050000	208060
212360	220050000	208060
213100	220050000	208061
213100	220050000	208061
212360	220050000	208062
212360	220050000	208062
214541	220050000	208063
214541	220050000	208063
214541	220050000	208063
214541	220050000	208064
214541	220050000	208064
214541	220050000	208064
213100	220050000	208065
213100	220050000	208065
212996	220050000	208066
212996	220050000	208066
212363	220050000	208067
212363	220050000	208067
212363	220050000	208067
216539	220070000	208068
215971	220070000	208068
215971	220070000	208068
215895	220070000	208069
215895	220070000	208069
215955	220070000	208070
215955	220070000	208070
215940	220070000	208071
216409	220070000	208071
215941	220070000	208072
216410	220070000	208072
216409	220070000	208072
258248	220070000	208073
258249	220070000	208073
258249	220070000	208073
258250	220070000	208073
258253	220070000	208073
258252	220070000	208073
258254	220070000	208073
258256	220070000	208073
258256	220070000	208073
258256	220070000	208073
258256	220070000	208073
258256	220070000	208073
258256	220070000	208073
258257	220070000	208073
258257	220070000	208073
258256	220070000	208073
258256	220070000	208073
258256	220070000	208073
258256	220070000	208073
258256	220070000	208073
258256	220070000	208073
258256	220070000	208073
258256	220070000	208073
258256	220070000	208073
258256	220070000	208073
258256	220070000	208073
258256	220070000	208073
216416	220070000	208074
216421	220070000	208074
216407	220070000	208075
215955	220070000	208075
215955	220070000	208075
217077	220070000	208076
217078	220070000	208076
217078	220070000	208076
217078	220070000	208076
217078	220070000	208076
217077	220070000	208076
217078	220070000	208076
217078	220070000	208076
217078	220070000	208076
217078	220070000	208076
217077	220070000	208076
217078	220070000	208076
217078	220070000	208076
217078	220070000	208076
217078	220070000	208076
217077	220070000	208076
215941	220070000	208077
216410	220070000	208077
216409	220070000	208077
209255	220070000	208078
209265	220070000	208078
209271	220070000	208078
215941	220070000	208079
216409	220070000	208079
258248	220070000	208080
258249	220070000	208080
258249	220070000	208080
258250	220070000	208080
258254	220070000	208080
258252	220070000	208080
258253	220070000	208080
258256	220070000	208080
258256	220070000	208080
258256	220070000	208080
258256	220070000	208080
258256	220070000	208080
258257	220070000	208080
258257	220070000	208080
258256	220070000	208080
258256	220070000	208080
258256	220070000	208080
258256	220070000	208080
258256	220070000	208080
258256	220070000	208080
258256	220070000	208080
258256	220070000	208080
258256	220070000	208080
258256	220070000	208080
258256	220070000	208080
258256	220070000	208080
258256	220070000	208080
215941	220070000	208081
216410	220070000	208081
216409	220070000	208081
215971	220070000	208082
215970	220070000	208082
216015	220070000	208083
216015	220070000	208083
209255	220070000	208084
209255	220070000	208084
216121	220070000	208085
216432	220070000	208085
216061	220070000	208086
216047	220070000	208086
216432	220070000	208087
216432	220070000	208087
215971	220070000	208088
215970	220070000	208088
216683	220070000	208089
216683	220070000	208089
216683	220070000	208089
216050	220070000	208090
216051	220070000	208090
216058	220070000	208091
216056	220070000	208091
216682	220070000	208092
216683	220070000	208092
216683	220070000	208092
216683	220070000	208092
209208	220070000	208093
209234	220070000	208093
209234	220070000	208093
215940	220070000	208094
216409	220070000	208094
216682	220070000	208095
216683	220070000	208095
216683	220070000	208095
216026	220070000	208096
216026	220070000	208096
215955	220070000	208097
215955	220070000	208097
215955	220070000	208097
209266	220070000	208098
209271	220070000	208098
209262	220070000	208098
209259	220070000	208098
209274	220070000	208099
209267	220070000	208099
209261	220070000	208099
209256	220070000	208099
216407	220070000	208100
216407	220070000	208100
209264	220070000	208101
209257	220070000	208101
209266	220070000	208101
209271	220070000	208101
215940	220070000	208102
216409	220070000	208102
216409	220070000	208102
216568	220070000	208103
216060	220070000	208103
216568	220070000	208104
216060	220070000	208104
215941	220070000	208105
216409	220070000	208105
216539	220070000	208106
216539	220070000	208106
215895	220070000	208107
215895	220070000	208107
216435	220070000	208108
216434	220070000	208108
216433	220070000	208108
205298	220070000	208109
799747	220070000	208109
799749	220070000	208109
799731	220070000	208109
799735	220070000	208109
799736	220070000	208109
216051	220070000	208110
216423	220070000	208110
209255	220070000	208111
209265	220070000	208111
216062	220070000	208112
216048	220070000	208112
216080	220070000	208113
216089	220070000	208113
209265	220070000	208114
209265	220070000	208114
216682	220070000	208115
216683	220070000	208115
216683	220070000	208115
215895	220070000	208116
215895	220070000	208116
216072	220070000	208117
216072	220070000	208117
215940	220070000	208118
216409	220070000	208118
216409	220070000	208118
799242	220070000	208119
799600	220070000	208119
799600	220070000	208119
215895	220070000	208120
215895	220070000	208120
215895	220070000	208120
209261	220070000	208121
209256	220070000	208121
209267	220070000	208121
209274	220070000	208121
217077	220070000	208122
217078	220070000	208122
217078	220070000	208122
217078	220070000	208122
217077	220070000	208122
217078	220070000	208122
217078	220070000	208122
217078	220070000	208122
217077	220070000	208122
209208	220070000	208123
209214	220070000	208123
209214	220070000	208123
216027	220070000	208124
216027	220070000	208124
217121	220070000	208125
217122	220070000	208125
217122	220070000	208125
217122	220070000	208125
217122	220070000	208125
217121	220070000	208125
217122	220070000	208125
217122	220070000	208125
217122	220070000	208125
217122	220070000	208125
217121	220070000	208125
217122	220070000	208125
217122	220070000	208125
217122	220070000	208125
217122	220070000	208125
217121	220070000	208125
215941	220070000	208126
216410	220070000	208126
214872	300040000	208127
214878	300040000	208127
215236	300040000	208128
214858	300040000	208128
215236	300040000	208129
215239	300040000	208129
215241	300040000	208130
215243	300040000	208130
214827	300040000	208131
214830	300040000	208131
215253	300040000	208132
214877	300040000	208132
215224	300040000	208133
214831	300040000	208133
215233	300040000	208134
214856	300040000	208134
215224	300040000	208135
214831	300040000	208135
215271	300040000	208136
214887	300040000	208136
215235	300040000	208137
215236	300040000	208137
215230	300040000	208138
214848	300040000	208138
214857	300040000	208139
214858	300040000	208139
214857	300040000	208140
214858	300040000	208140
215230	300040000	208141
214848	300040000	208141
215236	300040000	208142
215238	300040000	208142
215224	300040000	208143
214831	300040000	208143
214844	300040000	208144
215231	300040000	208144
215226	300040000	208145
214833	300040000	208145
214827	300040000	208146
214829	300040000	208146
215224	300040000	208147
214831	300040000	208147
215237	300040000	208148
214859	300040000	208148
215230	300040000	208149
214848	300040000	208149
215224	300040000	208150
214831	300040000	208150
215224	300040000	208151
214831	300040000	208151
215230	300040000	208152
214848	300040000	208152
215241	300040000	208153
215242	300040000	208153
214844	300040000	208154
214846	300040000	208154
215223	300040000	208155
214829	300040000	208155
214881	300040000	208156
214883	300040000	208156
214857	300040000	208157
215239	300040000	208157
215254	300040000	208158
214874	300040000	208158
214893	300040000	208159
214888	300040000	208159
215223	300040000	208160
214829	300040000	208160
215258	300040000	208161
214877	300040000	208161
214852	300040000	208162
214852	300040000	208162
215237	300040000	208163
215239	300040000	208163
215256	300040000	208164
214877	300040000	208164
215232	300040000	208165
215234	300040000	208165
215232	300040000	208166
214855	300040000	208166
215253	300040000	208167
214874	300040000	208167
215233	300040000	208168
214856	300040000	208168
214884	300040000	208169
214881	300040000	208169
215223	300040000	208170
214830	300040000	208170
215224	300040000	208171
214831	300040000	208171
215232	300040000	208172
214855	300040000	208172
215233	300040000	208173
214856	300040000	208173
215230	300040000	208174
214848	300040000	208174
215230	300040000	208175
214848	300040000	208175
215230	300040000	208176
214848	300040000	208176
215224	300040000	208177
214831	300040000	208177
215230	300040000	208178
214848	300040000	208178
214874	300040000	208179
214878	300040000	208179
214890	300040000	208180
214893	300040000	208180
215230	300040000	208181
214848	300040000	208181
215227	300040000	208182
214840	300040000	208182
215224	300040000	208183
214831	300040000	208183
215234	300040000	208184
214853	300040000	208184
214890	300040000	208185
215273	300040000	208185
215230	300040000	208186
214848	300040000	208186
215233	300040000	208187
214856	300040000	208187
215224	300040000	208188
214831	300040000	208188
215254	300040000	208189
214878	300040000	208189
215229	300040000	208190
214847	300040000	208190
215241	300040000	208191
215243	300040000	208191
215232	300040000	208192
214854	300040000	208192
214872	300040000	208193
214877	300040000	208193
214741	300080000	208194
214741	300080000	208194
700468	300080000	208195
700467	300080000	208195
700465	300080000	208195
700466	300080000	208195
700466	300080000	208195
700466	300080000	208195
700468	300080000	208195
700467	300080000	208195
700465	300080000	208195
700466	300080000	208195
700466	300080000	208195
700466	300080000	208195
700468	300080000	208195
700467	300080000	208195
700465	300080000	208195
700466	300080000	208195
700466	300080000	208195
700466	300080000	208195
700468	300080000	208195
700467	300080000	208195
700465	300080000	208195
700466	300080000	208195
700466	300080000	208195
700466	300080000	208195
700468	300080000	208195
700467	300080000	208195
700465	300080000	208195
700466	300080000	208195
700466	300080000	208195
700466	300080000	208195
700468	300080000	208195
700467	300080000	208195
700465	300080000	208195
700466	300080000	208195
700466	300080000	208195
700466	300080000	208195
700468	300080000	208195
700467	300080000	208195
700465	300080000	208195
700466	300080000	208195
700466	300080000	208195
700466	300080000	208195
700468	300080000	208195
700467	300080000	208195
700465	300080000	208195
700466	300080000	208195
700466	300080000	208195
700466	300080000	208195
700468	300080000	208195
700467	300080000	208195
700465	300080000	208195
700466	300080000	208195
700466	300080000	208195
700466	300080000	208195
700468	300080000	208195
700467	300080000	208195
700465	300080000	208195
700466	300080000	208195
700466	300080000	208195
700466	300080000	208195
700468	300080000	208195
700467	300080000	208195
700465	300080000	208195
700466	300080000	208195
700466	300080000	208195
700466	300080000	208195
700468	300080000	208195
700467	300080000	208195
700465	300080000	208195
700466	300080000	208195
700466	300080000	208195
700466	300080000	208195
215078	300100000	208196
214992	300100000	208196
215423	300100000	208196
214992	300100000	208196
215078	300100000	208196
214992	300100000	208196
215423	300100000	208196
214992	300100000	208196
214977	300100000	208197
215028	300100000	208197
214714	300100000	208198
214714	300100000	208198
215067	300100000	208199
215068	300100000	208199
215067	300100000	208199
215068	300100000	208199
214977	300100000	208200
215028	300100000	208200
214977	300100000	208201
214977	300100000	208201
214977	300100000	208202
214977	300100000	208202
214813	300110000	208203
214810	300110000	208203
214819	300110000	208204
214813	300110000	208204
214813	300110000	208205
214810	300110000	208205
214820	300110000	208206
214814	300110000	208206
214821	300110000	208207
214814	300110000	208207
214813	300110000	208208
214807	300110000	208208
798323	300110000	208209
798327	300110000	208209
798328	300110000	208209
798324	300110000	208209
214819	300110000	208210
214813	300110000	208210
215154	300120000	208211
215155	300120000	208211
215142	300120000	208212
215143	300120000	208212
215148	300120000	208213
215144	300120000	208213
215148	300120000	208213
215144	300120000	208213
215153	300120000	208214
215160	300120000	208214
215153	300120000	208214
215160	300120000	208214
215141	300120000	208215
215142	300120000	208215
215320	300120000	208216
215146	300120000	208216
215320	300120000	208216
215146	300120000	208216
215149	300120000	208217
215157	300120000	208217
215149	300120000	208217
215157	300120000	208217
215166	300120000	208218
215166	300120000	208218
215165	300120000	208219
215165	300120000	208219
215191	300130000	208220
215185	300130000	208220
215191	300130000	208220
215185	300130000	208220
215202	300130000	208221
215376	300130000	208221
215202	300130000	208221
215376	300130000	208221
215188	300130000	208222
215186	300130000	208222
215188	300130000	208222
215186	300130000	208222
215213	300130000	208223
215208	300130000	208223
215213	300130000	208223
215208	300130000	208223
215203	300130000	208224
215197	300130000	208224
215203	300130000	208224
215197	300130000	208224
215215	300130000	208225
215210	300130000	208225
215210	300130000	208225
215215	300130000	208225
215201	300130000	208226
215377	300130000	208226
215201	300130000	208226
215377	300130000	208226
215190	300130000	208227
215187	300130000	208227
215190	300130000	208227
215187	300130000	208227
215105	300140000	208228
215099	300140000	208228
215105	300140000	208228
215099	300140000	208228
215127	300140000	208229
215123	300140000	208229
215127	300140000	208229
215123	300140000	208229
215102	300140000	208230
215305	300140000	208230
215102	300140000	208230
215305	300140000	208230
215103	300140000	208231
215290	300140000	208231
215103	300140000	208231
215304	300140000	208231
215114	300140000	208232
215110	300140000	208232
215114	300140000	208232
215110	300140000	208232
215129	300140000	208233
215125	300140000	208233
215129	300140000	208233
215125	300140000	208233
215117	300140000	208234
215113	300140000	208234
215117	300140000	208234
215300	300140000	208234
215115	300140000	208235
215298	300140000	208235
215115	300140000	208235
215314	300140000	208235
215854	300150000	208236
215822	300150000	208236
215805	300150000	208237
215823	300150000	208237
215798	300150000	208238
215860	300150000	208238
215854	300150000	208239
215822	300150000	208239
215854	300150000	208240
215822	300150000	208240
215805	300150000	208241
215823	300150000	208241
215805	300160000	208242
215823	300160000	208242
215801	300160000	208243
215800	300160000	208243
215804	300160000	208244
215803	300160000	208244
215803	300160000	208245
215804	300160000	208245
215805	300160000	208246
215823	300160000	208246
215801	300160000	208247
215800	300160000	208247
215854	300160000	208248
215822	300160000	208248
215803	300160000	208249
215804	300160000	208249
215805	300160000	208250
215823	300160000	208250
216132	300160000	208251
215831	300160000	208251
215831	300160000	208251
215831	300160000	208251
215831	300160000	208251
215831	300160000	208251
215831	300160000	208251
215835	300160000	208252
215830	300160000	208252
215830	300160000	208252
215830	300160000	208252
215830	300160000	208252
215830	300160000	208252
215830	300160000	208252
215805	300160000	208253
215823	300160000	208253
215805	300160000	208254
215823	300160000	208254
216868	300210000	208255
216856	300210000	208255
216866	300210000	208256
216869	300210000	208256
216869	300210000	208257
216865	300210000	208257
216869	300210000	208258
216856	300210000	208258
216869	300210000	208259
216865	300210000	208259
216868	300210000	208260
216856	300210000	208260
216866	300210000	208261
216868	300210000	208261
216866	300210000	208262
216868	300210000	208262
216949	300220000	208263
216948	300220000	208263
216994	300230000	208264
216995	300230000	208264
217028	300230000	208265
217131	300230000	208265
216966	300230000	208266
216966	300230000	208266
217193	300250000	208267
217194	300250000	208267
217183	300250000	208268
217184	300250000	208268
217196	300250000	208269
217196	300250000	208269
217196	300250000	208269
217196	300250000	208270
217196	300250000	208270
217201	300250000	208271
217228	300250000	208271
217181	300250000	208272
217179	300250000	208272
217180	300250000	208272
217649	300250000	208273
799580	300250000	208273
799578	300250000	208273
799578	300250000	208273
217184	300250000	208274
217184	300250000	208274
217200	300250000	208275
217200	300250000	208275
217184	300250000	208276
217184	300250000	208276
799577	300250000	208277
799577	300250000	208277
217184	300250000	208278
217184	300250000	208278
217183	300250000	208279
217184	300250000	208279
217200	300250000	208280
217200	300250000	208280
205013	310010000	208281
205014	310010000	208281
205011	310010000	208282
205012	310010000	208282
205011	310010000	208283
205012	310010000	208283
205013	310010000	208284
205014	310010000	208284
205013	310020000	208281
205014	310020000	208281
205011	310020000	208282
205012	310020000	208282
205011	310020000	208283
205012	310020000	208283
205013	310020000	208284
205014	310020000	208284
212203	310050000	208285
212195	310050000	208286
212194	310050000	208287
214109	310090000	208288
214160	310090000	208288
214160	310090000	208289
214109	310090000	208289
214109	310090000	208290
214160	310090000	208290
214109	310090000	208291
214126	310090000	208291
214109	310090000	208292
214126	310090000	208292
214109	310090000	208293
214160	310090000	208293
214109	310090000	208294
214126	310090000	208294
214128	310090000	208295
214113	310090000	208295
214108	310090000	208296
214111	310090000	208296
214128	310090000	208297
214113	310090000	208297
214109	310090000	208298
214160	310090000	208298
214109	310090000	208299
214160	310090000	208299
214124	310090000	208300
214124	310090000	208300
214520	310100000	208301
214518	310100000	208301
214521	310100000	208302
214506	310100000	208302
214523	310100000	208303
214518	310100000	208303
214521	310100000	208304
214506	310100000	208304
214516	310100000	208305
214510	310100000	208305
214516	310100000	208306
214510	310100000	208306
214523	310100000	208307
214518	310100000	208307
214516	310100000	208308
214510	310100000	208308
214521	310100000	208309
214506	310100000	208309
214516	310100000	208310
214510	310100000	208310
214516	310100000	208311
214510	310100000	208311
214516	310100000	208312
214510	310100000	208312
214647	310110000	208313
214648	310110000	208313
214645	310110000	208314
214645	310110000	208314
214645	310110000	208314
214645	310110000	208314
214655	310110000	208315
214646	310110000	208316
214646	310110000	208316
214646	310110000	208316
214708	310110000	208316
214646	310110000	208316
214709	310110000	208316
214646	310110000	208316
214710	310110000	208316
214708	310110000	208316
214646	310110000	208316
214646	310110000	208316
214709	310110000	208316
214646	310110000	208316
214710	310110000	208316
214653	310110000	208317
214645	310110000	208318
214645	310110000	208318
214645	310110000	208318
214655	310110000	208319
214655	310110000	208319
214653	310110000	208320
214653	310110000	208320
214648	310110000	208321
214648	310110000	208321
214654	310110000	208322
214654	310110000	208322
214666	310110000	208323
214665	310110000	208323
214664	310110000	208323
214644	310110000	208324
214644	310110000	208324
215396	310120000	208325
215397	310120000	208325
215399	310120000	208325
215398	310120000	208325
215397	310120000	208326
215396	310120000	208326
215399	310120000	208326
215398	310120000	208326
205030	320010000	208327
205032	320010000	208327
205031	320010000	208327
205029	320010000	208328
205030	320010000	208328
205031	320010000	208328
205032	320010000	208329
205029	320010000	208329
205031	320010000	208329
205031	320010000	208330
205029	320010000	208330
205032	320010000	208330
205030	320020000	208327
205032	320020000	208327
205031	320020000	208327
205029	320020000	208328
205030	320020000	208328
205031	320020000	208328
205032	320020000	208329
205029	320020000	208329
205031	320020000	208329
205021	320020000	208331
205022	320020000	208331
205022	320020000	208331
205031	320020000	208330
205029	320020000	208330
205032	320020000	208330
205022	320020000	208332
205021	320020000	208332
205021	320020000	208332
212779	320050000	208333
212779	320050000	208334
212765	320050000	208335
212765	320050000	208335
212769	320050000	208336
212765	320050000	208337
212765	320050000	208337
212837	320050000	208338
212780	320050000	208338
212780	320050000	208338
212837	320050000	208338
213398	320080000	208339
213396	320080000	208339
213415	320080000	208340
213398	320080000	208341
213397	320080000	208341
213447	320080000	208342
213449	320080000	208342
213398	320080000	208343
213397	320080000	208343
213398	320080000	208344
213396	320080000	208344
213410	320080000	208345
213385	320080000	208345
213773	320080000	208345
213385	320080000	208345
213559	320080000	208346
213560	320080000	208346
213447	320080000	208347
213449	320080000	208347
213559	320080000	208348
213558	320080000	208348
213601	320080000	208349
213603	320080000	208349
213439	320080000	208350
213399	320080000	208351
213395	320080000	208351
213583	320090000	208352
213583	320090000	208352
213584	320090000	208352
213584	320090000	208352
213583	320090000	208353
213583	320090000	208353
213583	320090000	208353
213583	320090000	208353
213584	320090000	208354
213584	320090000	208354
213584	320090000	208354
213584	320090000	208354
213939	320110000	208355
213943	320110000	208355
213939	320110000	208356
213943	320110000	208356
213939	320110000	208357
213943	320110000	208357
798350	320140000	208358
798349	320140000	208358
798347	320140000	208358
798348	320140000	208359
798350	320140000	208359
798347	320140000	208359
798350	320140000	208360
798348	320140000	208360
798347	320140000	208360
798342	320140000	208361
798343	320140000	208361
798345	320140000	208361
798344	320140000	208361
798347	320140000	208331
798349	320140000	208331
798349	320140000	208331
798348	320140000	208362
798347	320140000	208362
798350	320140000	208362
798342	320140000	208363
798343	320140000	208363
798345	320140000	208363
798344	320140000	208363
798349	320140000	208332
798347	320140000	208332
798347	320140000	208332
218677	320150000	208364
218680	320150000	208364
253715	400010000	208365
253715	400010000	208365
253715	400010000	208365
253714	400010000	208366
253714	400010000	208366
253714	400010000	208366
253715	400010000	197252
253715	400010000	197252
253715	400010000	197252
253714	400010000	208367
253714	400010000	208367
253714	400010000	208367
277024	400010000	208368
277025	400010000	208368
277025	400010000	208368
277026	400010000	208368
277029	400010000	208368
277028	400010000	208368
277030	400010000	208368
276724	400010000	208368
276724	400010000	208368
276724	400010000	208368
276724	400010000	208368
276724	400010000	208368
276724	400010000	208368
276725	400010000	208368
276725	400010000	208368
276724	400010000	208368
276724	400010000	208368
276724	400010000	208368
276724	400010000	208368
276724	400010000	208368
276724	400010000	208368
276724	400010000	208368
276724	400010000	208368
276724	400010000	208368
276724	400010000	208368
276724	400010000	208368
276724	400010000	208368
253717	400010000	208369
253717	400010000	208369
253717	400010000	208369
253717	400010000	208370
253717	400010000	208370
253717	400010000	208370
253717	400010000	208371
253717	400010000	208371
253717	400010000	208371
253717	400010000	208372
253717	400010000	208372
253717	400010000	208372
253717	400010000	208373
253717	400010000	208373
253717	400010000	208373
276623	400010000	208374
276624	400010000	208375
253714	400010000	208376
253714	400010000	208376
253714	400010000	208376
253714	400010000	208377
253714	400010000	208377
253714	400010000	208377
253714	400010000	208378
253714	400010000	208378
253714	400010000	208378
277024	400010000	208379
277025	400010000	208379
277025	400010000	208379
277026	400010000	208379
277030	400010000	208379
277028	400010000	208379
277029	400010000	208379
276724	400010000	208379
276724	400010000	208379
276724	400010000	208379
276724	400010000	208379
276724	400010000	208379
276725	400010000	208379
276725	400010000	208379
276724	400010000	208379
276724	400010000	208379
276724	400010000	208379
276724	400010000	208379
276724	400010000	208379
276724	400010000	208379
276724	400010000	208379
276724	400010000	208379
276724	400010000	208379
276724	400010000	208379
276724	400010000	208379
276724	400010000	208379
276724	400010000	208379
253714	400010000	208380
253714	400010000	208380
253714	400010000	208380
253714	400010000	208381
253714	400010000	208381
253714	400010000	208381
253612	400010000	208382
253612	400010000	208382
253717	400010000	208383
253717	400010000	208383
253717	400010000	208383
253717	400010000	208384
253717	400010000	208384
253717	400010000	208384
253717	400010000	208385
253717	400010000	208385
253717	400010000	208385
253717	400010000	208386
253717	400010000	208386
253717	400010000	208386
276623	400010000	208387
253714	400010000	208388
253714	400010000	208388
253714	400010000	208388
253715	400010000	208389
253715	400010000	208389
253715	400010000	208389
255139	400010000	208390
255119	400010000	208390
276622	400010000	208391
253714	400010000	208392
253714	400010000	208392
253714	400010000	208392
253714	400010000	208393
253714	400010000	208393
253714	400010000	208393
253714	400010000	208393
253714	400010000	208393
253714	400010000	208393
276624	400010000	208394
253714	400010000	208395
253714	400010000	208395
253714	400010000	208395
255139	400010000	208396
255119	400010000	208396
253717	400010000	199267
253717	400010000	199267
253717	400010000	199267
253717	400010000	199267
253717	400010000	199267
253717	400010000	199267
253717	400010000	199267
253717	400010000	199267
253717	400010000	199267
253717	400010000	199268
253717	400010000	199268
253717	400010000	199268
253717	400010000	199268
253717	400010000	199268
253717	400010000	199268
253717	400010000	199268
253717	400010000	199268
253717	400010000	199268
276622	400010000	208397
276623	400010000	208398
253717	400010000	208399
253717	400010000	208399
253717	400010000	208399
253717	400010000	208400
253717	400010000	208400
253717	400010000	208400
253714	400010000	208401
253714	400010000	208401
253714	400010000	208401
253714	400010000	208401
253714	400010000	208401
253714	400010000	208401
253717	400010000	208402
253717	400010000	208402
253717	400010000	208402
253717	400010000	208403
253717	400010000	208403
253717	400010000	208403
253717	400010000	208404
253717	400010000	208404
253717	400010000	208404
276622	400010000	208405
253717	400010000	208406
253717	400010000	208406
253717	400010000	208406
253717	400010000	208407
253717	400010000	208407
253717	400010000	208407
253717	400010000	199808
253717	400010000	199808
253717	400010000	199808
253717	400010000	199809
253717	400010000	199809
253717	400010000	199809
253715	400010000	208408
253715	400010000	208408
253715	400010000	208408
271788	400010000	208409
271803	400010000	208409
263280	400010000	208409
263280	400010000	208409
263280	400010000	208409
263280	400010000	208409
263031	400010000	208409
263031	400010000	208409
263031	400010000	208409
263031	400010000	208409
271789	400010000	208409
271804	400010000	208409
263281	400010000	208409
263281	400010000	208409
263281	400010000	208409
263281	400010000	208409
263032	400010000	208409
263032	400010000	208409
263032	400010000	208409
263032	400010000	208409
271790	400010000	208409
271805	400010000	208409
263282	400010000	208409
263282	400010000	208409
263282	400010000	208409
263282	400010000	208409
263033	400010000	208409
263033	400010000	208409
263033	400010000	208409
263033	400010000	208409
271791	400010000	208409
271806	400010000	208409
263283	400010000	208409
263283	400010000	208409
263283	400010000	208409
263283	400010000	208409
263034	400010000	208409
263034	400010000	208409
263034	400010000	208409
263034	400010000	208409
271792	400010000	208409
271807	400010000	208409
263284	400010000	208409
263284	400010000	208409
263284	400010000	208409
263284	400010000	208409
263035	400010000	208409
263035	400010000	208409
263035	400010000	208409
263035	400010000	208409
271793	400010000	208409
271808	400010000	208409
263285	400010000	208409
263285	400010000	208409
263285	400010000	208409
263285	400010000	208409
263036	400010000	208409
263036	400010000	208409
263036	400010000	208409
263036	400010000	208409
271794	400010000	208409
271809	400010000	208409
263286	400010000	208409
263286	400010000	208409
263286	400010000	208409
263286	400010000	208409
263037	400010000	208409
263037	400010000	208409
263037	400010000	208409
263037	400010000	208409
271795	400010000	208409
271810	400010000	208409
263287	400010000	208409
263287	400010000	208409
263287	400010000	208409
263287	400010000	208409
263038	400010000	208409
263038	400010000	208409
263038	400010000	208409
263038	400010000	208409
271796	400010000	208409
271811	400010000	208409
263288	400010000	208409
263288	400010000	208409
263288	400010000	208409
263288	400010000	208409
263039	400010000	208409
263039	400010000	208409
263039	400010000	208409
263039	400010000	208409
271797	400010000	208409
271812	400010000	208409
263289	400010000	208409
263289	400010000	208409
263289	400010000	208409
263289	400010000	208409
263040	400010000	208409
263040	400010000	208409
263040	400010000	208409
263040	400010000	208409
271798	400010000	208409
271813	400010000	208409
263290	400010000	208409
263290	400010000	208409
263290	400010000	208409
263290	400010000	208409
263041	400010000	208409
263041	400010000	208409
263041	400010000	208409
263041	400010000	208409
271799	400010000	208409
271814	400010000	208409
263291	400010000	208409
263291	400010000	208409
263291	400010000	208409
263291	400010000	208409
263042	400010000	208409
263042	400010000	208409
263042	400010000	208409
263042	400010000	208409
271800	400010000	208409
271815	400010000	208409
263292	400010000	208409
263292	400010000	208409
263292	400010000	208409
263292	400010000	208409
263043	400010000	208409
263043	400010000	208409
263043	400010000	208409
263043	400010000	208409
271801	400010000	208409
271816	400010000	208409
263293	400010000	208409
263293	400010000	208409
263293	400010000	208409
263293	400010000	208409
263044	400010000	208409
263044	400010000	208409
263044	400010000	208409
263044	400010000	208409
271802	400010000	208409
271817	400010000	208409
263294	400010000	208409
263294	400010000	208409
263294	400010000	208409
263294	400010000	208409
263045	400010000	208409
263045	400010000	208409
263045	400010000	208409
263045	400010000	208409
253715	400010000	200112
253715	400010000	200112
253715	400010000	200112
253717	400010000	208410
253717	400010000	208410
253717	400010000	208410
253717	400010000	208411
253717	400010000	208411
253717	400010000	208411
253717	400010000	208412
253717	400010000	208412
253717	400010000	208412
253715	400010000	208413
253715	400010000	208413
253715	400010000	208413
253715	400010000	208413
253715	400010000	208413
253715	400010000	208413
253714	400010000	208414
253714	400010000	208414
253714	400010000	208414
216850	400010000	208415
216851	400010000	208415
216851	400010000	208415
253715	400010000	208416
253715	400010000	208416
253715	400010000	208416
271818	400010000	208417
271833	400010000	208417
263582	400010000	208417
263582	400010000	208417
263582	400010000	208417
263582	400010000	208417
263331	400010000	208417
263331	400010000	208417
263331	400010000	208417
263331	400010000	208417
271819	400010000	208417
271834	400010000	208417
263583	400010000	208417
263583	400010000	208417
263583	400010000	208417
263583	400010000	208417
263332	400010000	208417
263332	400010000	208417
263332	400010000	208417
263332	400010000	208417
271820	400010000	208417
271835	400010000	208417
263584	400010000	208417
263584	400010000	208417
263584	400010000	208417
263584	400010000	208417
263333	400010000	208417
263333	400010000	208417
263333	400010000	208417
263333	400010000	208417
271821	400010000	208417
271836	400010000	208417
263585	400010000	208417
263585	400010000	208417
263585	400010000	208417
263585	400010000	208417
263334	400010000	208417
263334	400010000	208417
263334	400010000	208417
263334	400010000	208417
271822	400010000	208417
271837	400010000	208417
263586	400010000	208417
263586	400010000	208417
263586	400010000	208417
263586	400010000	208417
263335	400010000	208417
263335	400010000	208417
263335	400010000	208417
263335	400010000	208417
271823	400010000	208417
271838	400010000	208417
263587	400010000	208417
263587	400010000	208417
263587	400010000	208417
263587	400010000	208417
263336	400010000	208417
263336	400010000	208417
263336	400010000	208417
263336	400010000	208417
271824	400010000	208417
271839	400010000	208417
263588	400010000	208417
263588	400010000	208417
263588	400010000	208417
263588	400010000	208417
263337	400010000	208417
263337	400010000	208417
263337	400010000	208417
263337	400010000	208417
271825	400010000	208417
271840	400010000	208417
263589	400010000	208417
263589	400010000	208417
263589	400010000	208417
263589	400010000	208417
263338	400010000	208417
263338	400010000	208417
263338	400010000	208417
263338	400010000	208417
271826	400010000	208417
271841	400010000	208417
263590	400010000	208417
263590	400010000	208417
263590	400010000	208417
263590	400010000	208417
263339	400010000	208417
263339	400010000	208417
263339	400010000	208417
263339	400010000	208417
271827	400010000	208417
271842	400010000	208417
263591	400010000	208417
263591	400010000	208417
263591	400010000	208417
263591	400010000	208417
263340	400010000	208417
263340	400010000	208417
263340	400010000	208417
263340	400010000	208417
271828	400010000	208417
271843	400010000	208417
263592	400010000	208417
263592	400010000	208417
263592	400010000	208417
263592	400010000	208417
263341	400010000	208417
263341	400010000	208417
263341	400010000	208417
263341	400010000	208417
271829	400010000	208417
271844	400010000	208417
263593	400010000	208417
263593	400010000	208417
263593	400010000	208417
263593	400010000	208417
263342	400010000	208417
263342	400010000	208417
263342	400010000	208417
263342	400010000	208417
271830	400010000	208417
271845	400010000	208417
263594	400010000	208417
263594	400010000	208417
263594	400010000	208417
263594	400010000	208417
263343	400010000	208417
263343	400010000	208417
263343	400010000	208417
263343	400010000	208417
271831	400010000	208417
271846	400010000	208417
263595	400010000	208417
263595	400010000	208417
263595	400010000	208417
263595	400010000	208417
263344	400010000	208417
263344	400010000	208417
263344	400010000	208417
263344	400010000	208417
271832	400010000	208417
271847	400010000	208417
263596	400010000	208417
263596	400010000	208417
263596	400010000	208417
263596	400010000	208417
263345	400010000	208417
263345	400010000	208417
263345	400010000	208417
263345	400010000	208417
253717	400010000	208418
253717	400010000	208418
253717	400010000	208418
253717	400010000	208419
253717	400010000	208419
253717	400010000	208419
253717	400010000	208420
253717	400010000	208420
253717	400010000	208420
253714	400010000	208421
253714	400010000	208421
253714	400010000	208421
253717	400010000	208422
253717	400010000	208422
253717	400010000	208422
253717	400010000	208423
253717	400010000	208423
253717	400010000	208423
253717	400010000	208424
253717	400010000	208424
253717	400010000	208424
253717	400010000	208425
253717	400010000	208425
253717	400010000	208425
253717	400010000	208426
253717	400010000	208426
253717	400010000	208426
271848	400010000	208427
271863	400010000	208427
264782	400010000	208427
264782	400010000	208427
264782	400010000	208427
264782	400010000	208427
264531	400010000	208427
264531	400010000	208427
264531	400010000	208427
264531	400010000	208427
271849	400010000	208427
271864	400010000	208427
264783	400010000	208427
264783	400010000	208427
264783	400010000	208427
264783	400010000	208427
264532	400010000	208427
264532	400010000	208427
264532	400010000	208427
264532	400010000	208427
271850	400010000	208427
271865	400010000	208427
264784	400010000	208427
264784	400010000	208427
264784	400010000	208427
264784	400010000	208427
264533	400010000	208427
264533	400010000	208427
264533	400010000	208427
264533	400010000	208427
271851	400010000	208427
271866	400010000	208427
264785	400010000	208427
264785	400010000	208427
264785	400010000	208427
264785	400010000	208427
264534	400010000	208427
264534	400010000	208427
264534	400010000	208427
264534	400010000	208427
271852	400010000	208427
271867	400010000	208427
264786	400010000	208427
264786	400010000	208427
264786	400010000	208427
264786	400010000	208427
264535	400010000	208427
264535	400010000	208427
264535	400010000	208427
264535	400010000	208427
271853	400010000	208427
271868	400010000	208427
264787	400010000	208427
264787	400010000	208427
264787	400010000	208427
264787	400010000	208427
264536	400010000	208427
264536	400010000	208427
264536	400010000	208427
264536	400010000	208427
271854	400010000	208427
271869	400010000	208427
264788	400010000	208427
264788	400010000	208427
264788	400010000	208427
264788	400010000	208427
264537	400010000	208427
264537	400010000	208427
264537	400010000	208427
264537	400010000	208427
271855	400010000	208427
271870	400010000	208427
264789	400010000	208427
264789	400010000	208427
264789	400010000	208427
264789	400010000	208427
264538	400010000	208427
264538	400010000	208427
264538	400010000	208427
264538	400010000	208427
271856	400010000	208427
271871	400010000	208427
264790	400010000	208427
264790	400010000	208427
264790	400010000	208427
264790	400010000	208427
264539	400010000	208427
264539	400010000	208427
264539	400010000	208427
264539	400010000	208427
271857	400010000	208427
271872	400010000	208427
264791	400010000	208427
264791	400010000	208427
264791	400010000	208427
264791	400010000	208427
264540	400010000	208427
264540	400010000	208427
264540	400010000	208427
264540	400010000	208427
271858	400010000	208427
271873	400010000	208427
264792	400010000	208427
264792	400010000	208427
264792	400010000	208427
264792	400010000	208427
264541	400010000	208427
264541	400010000	208427
264541	400010000	208427
264541	400010000	208427
271859	400010000	208427
271874	400010000	208427
264793	400010000	208427
264793	400010000	208427
264793	400010000	208427
264793	400010000	208427
264542	400010000	208427
264542	400010000	208427
264542	400010000	208427
264542	400010000	208427
271860	400010000	208427
271875	400010000	208427
264794	400010000	208427
264794	400010000	208427
264794	400010000	208427
264794	400010000	208427
264543	400010000	208427
264543	400010000	208427
264543	400010000	208427
264543	400010000	208427
271861	400010000	208427
271876	400010000	208427
264795	400010000	208427
264795	400010000	208427
264795	400010000	208427
264795	400010000	208427
264544	400010000	208427
264544	400010000	208427
264544	400010000	208427
264544	400010000	208427
271862	400010000	208427
271877	400010000	208427
264796	400010000	208427
264796	400010000	208427
264796	400010000	208427
264796	400010000	208427
264545	400010000	208427
264545	400010000	208427
264545	400010000	208427
264545	400010000	208427
253714	400010000	208428
253714	400010000	208428
253714	400010000	208428
253714	400010000	208428
253714	400010000	208428
253714	400010000	208428
253714	400010000	208429
253714	400010000	208429
253714	400010000	208429
253714	400010000	208429
253714	400010000	208429
253714	400010000	208429
253714	400010000	208429
253714	400010000	208429
253714	400010000	208429
253715	400010000	201771
253715	400010000	201771
253715	400010000	201771
253714	400010000	208430
253714	400010000	208430
253714	400010000	208430
216357	600010000	208431
216355	600010000	208431
216357	600010000	208432
216363	600010000	208432
216357	600010000	208433
216355	600010000	208433
209251	600010000	208434
209251	600010000	208434
216357	600010000	208435
216363	600010000	208435
209051	600010000	208436
209051	600010000	208436
209051	600010000	208437
209051	600010000	208437
209251	600010000	208438
209251	600010000	208438
209251	600010000	208438
216381	600010000	208439
216363	600010000	208439
216356	600010000	208440
216355	600010000	208440
209051	600010000	208441
209051	600010000	208441
209251	600010000	208442
209251	600010000	208442
209051	600010000	208443
209051	600010000	208443
209051	600010000	208443
209251	600010000	208444
209251	600010000	208444
216381	600010000	208445
216383	600010000	208445
216389	600010000	208446
216383	600010000	208446

 